
 1 2 1.0 4593 1.0 4594 1.0 4595 1.0
 2 6 1.0 3 1.0 5 1.0
 3 10 1.5 4 2.0
 4
 5 8 1.0 7 1.0 9 1.0
 6
 7
 8
 9
 10 11 1.0 15 1.0
 11 12 1.0 14 1.0 16 1.0
 12 13 2.0 20 1.5
 13
 14 17 1.0 18 1.0 19 1.0
 15
 16
 17
 18
 19
 20 21 1.0 27 1.0
 21 22 1.0 24 1.0 28 1.0
 22 23 2.0 36 1.5
 23
 24 25 1.0 26 1.0 29 1.0
 25 31 1.0 32 1.0 30 1.0
 26 34 1.0 35 1.0 33 1.0
 27
 28
 29
 30
 31
 32
 33
 34
 35
 36 37 1.0 44 1.0
 37 40 1.0 45 1.0 38 1.0
 38 39 2.0 55 1.5
 39
 40 42 1.0 46 1.0 41 1.0
 41 43 1.0 47 1.0 48 1.0
 42 49 1.0 50 1.0 51 1.0
 43 52 1.0 53 1.0 54 1.0
 44
 45
 46
 47
 48
 49
 50
 51
 52
 53
 54
 55 56 1.0 64 1.0
 56 57 1.0 59 1.0 65 1.0
 57 58 2.0 70 1.5
 58
 59 60 1.0 66 1.0 67 1.0
 60 61 1.0 68 1.0 69 1.0
 61 62 2.0 63 2.0
 62
 63
 64
 65
 66
 67
 68
 69
 70 78 1.0 71 1.0
 71 72 1.0 74 1.0 79 1.0
 72 73 2.0 89 1.5
 73
 74 75 1.0 80 1.0 81 1.0
 75 76 1.0 77 1.0 82 1.0
 76 83 1.0 84 1.0 85 1.0
 77 86 1.0 87 1.0 88 1.0
 78
 79
 80
 81
 82
 83
 84
 85
 86
 87
 88
 89 90 1.0 93 1.0
 90 91 1.0 94 1.0 95 1.0
 91 92 2.0 96 1.5
 92
 93
 94
 95
 96 108 1.0 97 1.0
 97 98 1.0 100 1.0 109 1.0
 98 99 2.0 117 2.0
 99
 100 101 1.0 110 1.0 111 1.0
 101 102 1.5 103 1.5
 102 104 1.5 112 1.0
 103 113 1.0 105 2.0
 104 106 1.5 114 1.0
 105 115 1.0 106 2.0
 106 107 1.0
 107 116 1.0
 108
 109
 110
 111
 112
 113
 114
 115
 116
 117 125 1.0 118 1.0
 118 119 1.0 121 1.0 126 1.0
 119 120 2.0 134 1.5
 120
 121 122 1.0 127 1.0 128 1.0
 122 123 1.0 129 1.0 130 1.0
 123 124 1.0
 124 132 1.0 133 1.0 131 1.0
 125
 126
 127
 128
 129
 130
 131
 132
 133
 134 138 1.0 135 1.0
 135 136 1.0 139 1.0 140 1.0
 136 137 2.0 141 1.5
 137
 138
 139
 140
 141 142 1.0 149 1.0
 142 143 1.0 145 1.0 150 1.0
 143 144 2.0 160 2.0
 144
 145 146 1.0 147 1.0 151 1.0
 146 148 1.0 152 1.0 153 1.0
 147 156 1.0 154 1.0 155 1.0
 148 157 1.0 158 1.0 159 1.0
 149
 150
 151
 152
 153
 154
 155
 156
 157
 158
 159
 160 161 1.0 166 1.0
 161 162 1.0 164 1.0 167 1.0
 162 171 1.5 163 2.0
 163
 164 165 1.0 168 1.0 169 1.0
 165 170 1.0
 166
 167
 168
 169
 170
 171 178 1.0 172 1.0
 172 175 1.0 173 1.0 179 1.0
 173 174 2.0 187 1.5
 174
 175 176 1.0 177 1.0 180 1.0
 176 181 1.0 183 1.0 182 1.0
 177 184 1.0 185 1.0 186 1.0
 178
 179
 180
 181
 182
 183
 184
 185
 186
 187 188 1.0 196 1.0
 188 191 1.0 197 1.0 189 1.0
 189 209 1.5 190 2.0
 190
 191 198 1.0 192 1.0 199 1.0
 192 200 1.0 201 1.0 193 1.0
 193 194 1.0 202 1.0 203 1.0
 194 204 1.0 205 1.0 195 1.0
 195 206 1.0 207 1.0 208 1.0
 196
 197
 198
 199
 200
 201
 202
 203
 204
 205
 206
 207
 208
 209 210 1.0 217 1.0
 210 211 1.0 213 1.0 218 1.0
 211 221 1.5 212 2.0
 212
 213 220 1.0 214 1.0 219 1.0
 214 215 2.0 216 2.0
 215
 216
 217
 218
 219
 220
 221 222 1.0 227 1.0
 222 223 1.0 225 1.0 228 1.0
 223 224 2.0 235 1.5
 224
 225 229 1.0 230 1.0 226 1.0
 226 227 1.0 231 1.0 232 1.0
 227 233 1.0 234 1.0
 228
 229
 230
 231
 232
 233
 234
 235 236 1.0 243 1.0
 236 237 1.0 244 1.0 239 1.0
 237 238 2.0 247 1.5
 238
 239 240 1.0 245 1.0 246 1.0
 240 241 2.0 242 2.0
 241
 242
 243
 244
 245
 246
 247 252 1.0 248 1.0
 248 249 1.0 251 1.0 253 1.0
 249 257 1.5 250 2.0
 250
 251 254 1.0 255 1.0 256 1.0
 252
 253
 254
 255
 256
 257 258 1.0 271 1.0
 258 259 1.0 261 1.0 272 1.0
 259 260 2.0 281 1.5
 260
 261 274 1.0 262 1.0 273 1.0
 262 264 1.5 263 2.0
 263 265 1.5 275 1.0
 264 267 1.5 266 1.5
 265 266 1.5 276 1.0
 266 268 1.5
 267 277 1.0 269 1.5
 268 270 2.0 278 1.0
 269 279 1.0 270 1.5
 270 280 1.0
 271
 272
 273
 274
 275
 276
 277
 278
 279
 280
 281 282 1.0 290 1.0
 282 283 1.0 285 1.0 291 1.0
 283 284 2.0 303 1.5
 284
 285 286 1.0 292 1.0 293 1.0
 286 287 1.0 294 1.0 295 1.0
 287 288 1.0 296 1.0 297 1.0
 288 289 1.0 298 1.0 299 1.0
 289 300 1.0 301 1.0 302 1.0
 290
 291
 292
 293
 294
 295
 296
 297
 298
 299
 300
 301
 302
 303 304 1.0 309 1.0
 304 305 1.0 307 1.0 310 1.0
 305 306 2.0 314 1.5
 306
 307 308 1.0 311 1.0 312 1.0
 308 313 1.0
 309
 310
 311
 312
 313
 314 325 1.0 315 1.0
 315 316 1.0 326 1.0 318 1.0
 316 317 2.0 334 1.5
 317
 318 319 1.0 327 1.0 328 1.0
 319 320 1.5 321 1.5
 320 322 1.5 329 1.0
 321 323 1.5 330 1.0
 322 324 1.5 331 1.0
 323 324 1.5 332 1.0
 324 333 1.0
 325
 326
 327
 328
 329
 330
 331
 332
 333
 334 335 1.0 339 1.0
 335 336 1.0 338 1.0 340 1.0
 336 337 2.0 344 1.5
 337
 338 341 1.0 342 1.0 343 1.0
 339
 340
 341
 342
 343
 344 345 1.0 351 1.0
 345 346 1.0 348 1.0 352 1.0
 346 347 2.0 358 1.5
 347
 348 350 1.0 349 1.0 353 1.0
 349 354 1.0
 350 355 1.0 356 1.0 357 1.0
 351
 352
 353
 354
 355
 356
 357
 358 359 1.0 366 1.0
 359 360 1.0 362 1.0 367 1.0
 360 361 2.0 370 1.5
 361
 362 363 1.0 368 1.0 369 1.0
 363 364 2.0 365 2.0
 364
 365
 366
 367
 368
 369
 370 371 1.0 378 1.0
 371 372 1.0 374 1.0 379 1.0
 372 387 1.5 373 2.0
 373
 374 375 1.0 380 1.0 381 1.0
 375 376 1.0 382 1.0 383 1.0
 376 377 1.0
 377 384 1.0 385 1.0 386 1.0
 378
 379
 380
 381
 382
 383
 384
 385
 386
 387 388 1.0 395 1.0
 388 389 1.0 391 1.0 396 1.0
 389 390 2.0 406 1.5
 390
 391 397 1.0 398 1.0 392 1.0
 392 393 1.0 394 1.0 399 1.0
 393 401 1.0 400 1.0 402 1.0
 394 405 1.0 403 1.0 404 1.0
 395
 396
 397
 398
 399
 400
 401
 402
 403
 404
 405
 406 407 1.0 410 1.0
 407 408 1.0 411 1.0 412 1.0
 408 409 2.0 413 1.5
 409
 410
 411
 412
 413 421 1.0 414 1.0
 414 415 1.0 422 1.0 417 1.0
 415 432 1.5 416 2.0
 416
 417 418 1.0 423 1.0 424 1.0
 418 419 1.0 420 1.0 425 1.0
 419 426 1.0 427 1.0 428 1.0
 420 429 1.0 430 1.0 431 1.0
 421
 422
 423
 424
 425
 426
 427
 428
 429
 430
 431
 432 441 1.0 433 1.0
 433 436 1.0 442 1.0 434 1.0
 434 435 2.0 449 1.5
 435
 436 443 1.0 444 1.0 437 1.0
 437 438 1.0 446 1.0 445 1.0
 438 439 2.0 440 1.5
 439
 440 447 1.0 448 1.0
 441
 442
 443
 444
 445
 446
 447
 448
 449 450 1.0 456 1.0
 450 451 1.0 453 1.0 457 1.0
 451 452 2.0 465 1.5
 452
 453 455 1.0 458 1.0 454 1.0
 454 461 1.0 459 1.0 460 1.0
 455 462 1.0 463 1.0 464 1.0
 456
 457
 458
 459
 460
 461
 462
 463
 464
 465 466 1.0 473 1.0
 466 467 1.0 469 1.0 474 1.0
 467 468 2.0 484 1.5
 468
 469 470 1.0 475 1.0 476 1.0
 470 471 1.0 472 1.0 477 1.0
 471 478 1.0 479 1.0 480 1.0
 472 482 1.0 481 1.0 483 1.0
 473
 474
 475
 476
 477
 478
 479
 480
 481
 482
 483
 484 485 1.0 492 1.0
 485 488 1.0 486 1.0 493 1.0
 486 487 2.0 496 1.5
 487
 488 489 1.0 494 1.0 495 1.0
 489 491 2.0 490 2.0
 490
 491
 492
 493
 494
 495
 496 497 1.0 505 1.0
 497 498 1.0 500 1.0 506 1.0
 498 499 2.0 511 1.5
 499
 500 501 1.0 507 1.0 508 1.0
 501 502 1.0 509 1.0 510 1.0
 502 503 2.0 504 2.0
 503
 504
 505
 506
 507
 508
 509
 510
 511 512 1.0 515 1.0
 512 513 1.0 516 1.0 517 1.0
 513 518 1.5 514 2.0
 514
 515
 516
 517
 518 527 1.0 519 1.0
 519 520 1.0 522 1.0 528 1.0
 520 521 2.0 533 1.5
 521
 522 523 1.0 529 1.0 530 1.0
 523 524 1.0 531 1.0 532 1.0
 524 525 2.0 526 2.0
 525
 526
 527
 528
 529
 530
 531
 532
 533 542 1.0 534 1.0
 534 537 1.0 543 1.0 535 1.0
 535 536 2.0 555 1.5
 536
 537 544 1.0 545 1.0
 538 539 1.0 546 1.0 547 1.0
 539 540 1.0 548 1.0 549 1.0
 540 550 1.0 551 1.0 541 1.0
 541 552 1.0 553 1.0 554 1.0
 542
 543
 544
 545
 546
 547
 548
 549
 550
 551
 552
 553
 554
 555 556 1.0 563 1.0
 556 557 1.0 559 1.0 564 1.0
 557 558 2.0 567 1.5
 558
 559 560 1.0 565 1.0 566 1.0
 560 561 2.0 562 2.0
 561
 562
 563
 564
 565
 566
 567 568 1.0 578 1.0
 568 569 1.0 571 1.0 579 1.0
 569 570 2.0 591 1.5
 570
 571 572 1.0 580 1.0 581 1.0
 572 573 1.0 582 1.0 583 1.0
 573 584 1.0 585 1.0 574 1.0
 574 575 1.5 586 1.0
 575 576 1.5 577 1.5
 576 587 1.0 588 1.0
 577 589 1.0 590 1.0
 578
 579
 580
 581
 582
 583
 584
 585
 586
 587
 588
 589
 590
 591 592 1.0 602 1.0
 592 593 1.0 595 1.0 603 1.0
 593 594 2.0 611 1.5
 594
 595 596 1.0 604 1.0 605 1.0
 596 597 1.5 598 1.5
 597 606 1.0 599 1.5
 598 600 1.5 607 1.0
 599 601 2.0 608 1.0
 600 609 1.0 601 1.5
 601 610 1.0
 602
 603
 604
 605
 606
 607
 608
 609
 610
 611 612 1.0 623 1.0
 612 613 1.0 615 1.0 624 1.0
 613 614 2.0 632 1.5
 614
 615 616 1.0 625 1.0 626 1.0
 616 617 1.5 618 1.5
 617 619 1.5 627 1.0
 618 620 2.0 628 1.0
 619 621 2.0 629 1.0
 620 621 2.0 630 1.0
 621 622 1.0
 622 631 1.0
 623
 624
 625
 626
 627
 628
 629
 630
 631
 632 633 1.0 640 1.0
 633 634 1.0 636 1.0 641 1.0
 634 651 1.5 635 2.0
 635
 636 643 1.0 642 1.0 637 1.0
 637 639 1.0 644 1.0 638 1.0
 638 647 1.0 645 1.0 646 1.0
 639 650 1.0 648 1.0 649 1.0
 640
 641
 642
 643
 644
 645
 646
 647
 648
 649
 650
 651 652 1.0 662 1.0
 652 653 1.0 655 1.0 663 1.0
 653 654 2.0 675 1.5
 654
 655 656 1.0 665 1.0 664 1.0
 656 657 1.0 666 1.0 667 1.0
 657 658 1.0 668 1.0 669 1.0
 658 659 1.5 670 1.0
 659 660 1.5 661 2.0
 660 671 1.0 672 1.0
 661 673 1.0 674 1.0
 662
 663
 664
 665
 666
 667
 668
 669
 670
 671
 672
 673
 674
 675 676 1.0 683 1.0
 676 677 1.0 679 1.0 684 1.0
 677 678 2.0 692 1.5
 678
 679 685 1.0 686 1.0 680 1.0
 680 687 1.0 688 1.0 681 1.0
 681 682 1.0
 682 689 1.0 690 1.0 691 1.0
 683
 684
 685
 686
 687
 688
 689
 690
 691
 692 693 1.0 700 1.0
 693 694 1.0 701 1.0 696 1.0
 694 695 2.0 704 1.5
 695
 696 702 1.0 697 1.0 703 1.0
 697 698 2.0 699 2.0
 698
 699
 700
 701
 702
 703
 704 705 1.0 716 1.0
 705 706 1.0 708 1.0 717 1.0
 706 707 2.0 725 1.5
 707
 708 709 1.0 718 1.0 719 1.0
 709 711 1.5 710 1.5
 710 712 2.0 720 1.0
 711 713 1.5 721 1.0
 712 714 1.5 722 1.0
 713 714 1.5 723 1.0
 714 715 1.0
 715 724 1.0
 716
 717
 718
 719
 720
 721
 722
 723
 724
 725 739 1.0 726 1.0
 726 729 1.0 740 1.0 727 1.0
 727 728 2.0 749 1.5
 728
 729 730 1.0 741 1.0 742 1.0
 730 731 2.0 732 1.5
 731 733 1.5 743 1.0
 732 734 1.5 735 1.5
 733 734 1.5 744 1.0
 734 736 1.5
 735 745 1.0 737 1.5
 736 746 1.0 738 2.0
 737 738 1.5 747 1.0
 738 748 1.0
 739
 740
 741
 742
 743
 744
 745
 746
 747
 748
 749 750 1.0 759 1.0
 750 751 1.0 753 1.0 760 1.0
 751 752 2.0 766 1.5
 752
 753 754 1.0 761 1.0 762 1.0
 754 755 1.5 756 2.0
 755 757 2.0
 756 763 1.0 758 1.5
 757 758 2.0 764 1.0
 758 765 1.0
 759
 760
 761
 762
 763
 764
 765
 766 767 1.0 776 1.0
 767 777 1.0 768 1.0 770 1.0
 768 769 2.0 783 1.5
 769
 770 771 1.0 779 1.0 778 1.0
 771 772 1.5 773 2.0
 772 780 1.0 774 2.0
 773 775 1.5 781 1.0
 774 775 2.0 782 1.0
 775
 776
 777
 778
 779
 780
 781
 782
 783 784 1.0 794 1.0
 784 785 1.0 787 1.0 795 1.0
 785 786 2.0 807 1.5
 786
 787 788 1.0 796 1.0 797 1.0
 788 789 1.0 798 1.0 799 1.0
 789 790 1.0 800 1.0 801 1.0
 790 791 1.5 802 1.0
 791 792 1.5 793 1.5
 792 803 1.0 804 1.0
 793 805 1.0 806 1.0
 794
 795
 796
 797
 798
 799
 800
 801
 802
 803
 804
 805
 806
 807 808 1.0 815 1.0
 808 809 1.0 816 1.0 811 1.0
 809 810 2.0 826 1.5
 810
 811 812 1.0 813 1.0 817 1.0
 812 814 1.0 818 1.0 819 1.0
 813 820 1.0 822 1.0 821 1.0
 814 823 1.0 824 1.0 825 1.0
 815
 816
 817
 818
 819
 820
 821
 822
 823
 824
 825
 826 833 1.0 827 1.0
 827 834 1.0 828 1.0 830 1.0
 828 842 1.5 829 2.0
 829
 830 831 1.0 832 1.0 835 1.0
 831 836 1.0 837 1.0 838 1.0
 832 841 1.0 839 1.0 840 1.0
 833
 834
 835
 836
 837
 838
 839
 840
 841
 842 849 1.0 843 1.0
 843 844 1.0 846 1.0 850 1.0
 844 845 2.0 858 1.5
 845
 846 847 1.0 848 1.0 851 1.0
 847 852 1.0 854 1.0 853 1.0
 848 855 1.0 856 1.0 857 1.0
 849
 850
 851
 852
 853
 854
 855
 856
 857
 858 868 1.0 859 1.0
 859 869 1.0 860 1.0 862 1.0
 860 861 2.0 875 1.5
 861
 862 863 1.0 870 1.0 871 1.0
 863 865 2.0 864 1.5
 864 866 2.0 872 1.0
 865 867 1.5 873 1.0
 866 867 2.0 874 1.0
 867
 868
 869
 870
 871
 872
 873
 874
 875 876 1.0 885 1.0
 876 879 1.0 877 1.0 886 1.0
 877 878 2.0 892 1.5
 878
 879 880 1.0 888 1.0 887 1.0
 880 881 1.5 882 2.0
 881 883 2.0
 882 884 1.5 889 1.0
 883 890 1.0 884 2.0
 884 891 1.0
 885
 886
 887
 888
 889
 890
 891
 892 893 1.0 900 1.0
 893 894 1.0 896 1.0 901 1.0
 894 895 2.0 906 1.5
 895
 896 897 1.0 902 1.0 903 1.0
 897 898 2.0 899 1.5
 898
 899 904 1.0 905 1.0
 900
 901
 902
 903
 904
 905
 906 910 1.0 907 1.0
 907 911 1.0 912 1.0 908 1.0
 908 909 2.0 913 1.5
 909
 910
 911
 912
 913 914 1.0 922 1.0
 914 915 1.0 923 1.0 917 1.0
 915 916 2.0 930 1.5
 916
 917 918 1.0 924 1.0 925 1.0
 918 926 1.0 919 1.0 927 1.0
 919 920 2.0 921 1.5
 920
 921 929 1.0 928 1.0
 922
 923
 924
 925
 926
 927
 928
 929
 930 931 1.0 938 1.0
 931 932 1.0 934 1.0 939 1.0
 932 933 2.0 942 1.5
 933
 934 935 1.0 940 1.0 941 1.0
 935 936 2.0 937 2.0
 936
 937
 938
 939
 940
 941
 942 943 1.0 950 1.0
 943 944 1.0 946 1.0 951 1.0
 944 945 2.0 954 1.5
 945
 946 947 1.0 952 1.0 953 1.0
 947 948 2.0 949 2.0
 948
 949
 950
 951
 952
 953
 954 955 1.0 962 1.0
 955 958 1.0 956 1.0 963 1.0
 956 973 1.5 957 2.0
 957
 958 959 1.0 964 1.0 965 1.0
 959 960 1.0 961 1.0 966 1.0
 960 967 1.0 968 1.0 969 1.0
 961 971 1.0 970 1.0 972 1.0
 962
 963
 964
 965
 966
 967
 968
 969
 970
 971
 972
 973 982 1.0 974 1.0
 974 975 1.0 977 1.0 983 1.0
 975 988 1.5 976 2.0
 976
 977 984 1.0 978 1.0 985 1.0
 978 986 1.0 987 1.0 979 1.0
 979 980 2.0 981 2.0
 980
 981
 982
 983
 984
 985
 986
 987
 988 989 1.0 1000 1.0
 989 990 1.0 992 1.0 1001 1.0
 990 991 2.0 1009 1.5
 991
 992 993 1.0 1002 1.0 1003 1.0
 993 994 1.5 995 1.5
 994 996 1.5 1004 1.0
 995 997 1.5 1005 1.0
 996 1006 1.0 998 1.5
 997 998 1.5 1007 1.0
 998 999 1.0
 999 1008 1.0
 1000
 1001
 1002
 1003
 1004
 1005
 1006
 1007
 1008
 1009 1010 1.0 1017 1.0
 1010 1011 1.0 1013 1.0 1018 1.0
 1011 1028 1.5 1012 2.0
 1012
 1013 1014 1.0 1020 1.0 1019 1.0
 1014 1015 1.0 1016 1.0 1021 1.0
 1015 1024 1.0 1023 1.0 1022 1.0
 1016 1026 1.0 1025 1.0 1027 1.0
 1017
 1018
 1019
 1020
 1021
 1022
 1023
 1024
 1025
 1026
 1027
 1028 1029 1.0 1032 1.0
 1029 1030 1.0 1034 1.0 1033 1.0
 1030 1031 2.0 1035 1.5
 1031
 1032
 1033
 1034
 1035 1036 1.0 1049 1.0
 1036 1050 1.0 1037 1.0 1039 1.0
 1037 1059 1.5 1038 2.0
 1038
 1039 1052 1.0 1051 1.0 1040 1.0
 1040 1041 2.0 1042 1.5
 1041 1043 1.5 1053 1.0
 1042 1045 1.5 1044 1.5
 1043 1044 1.5 1054 1.0
 1044 1046 1.5
 1045 1047 1.5 1055 1.0
 1046 1048 2.0 1056 1.0
 1047 1048 1.5 1057 1.0
 1048 1058 1.0
 1049
 1050
 1051
 1052
 1053
 1054
 1055
 1056
 1057
 1058
 1059 1060 1.0 1070 1.0
 1060 1063 1.0 1061 1.0 1071 1.0
 1061 1062 2.0 1083 1.5
 1062
 1063 1064 1.0 1073 1.0 1072 1.0
 1064 1065 1.0 1074 1.0 1075 1.0
 1065 1066 1.0 1076 1.0 1077 1.0
 1066 1067 1.5 1078 1.0
 1067 1068 1.5 1069 1.5
 1068 1080 1.0 1079 1.0
 1069 1081 1.0 1082 1.0
 1070
 1071
 1072
 1073
 1074
 1075
 1076
 1077
 1078
 1079
 1080
 1081
 1082
 1083 1084 1.0 1090 1.0
 1084 1085 1.0 1087 1.0 1091 1.0
 1085 1086 2.0 1099 1.5
 1086
 1087 1089 1.0 1092 1.0 1088 1.0
 1088 1093 1.0 1094 1.0 1095 1.0
 1089 1096 1.0 1097 1.0 1098 1.0
 1090
 1091
 1092
 1093
 1094
 1095
 1096
 1097
 1098
 1099 1100 1.0 1104 1.0
 1100 1103 1.0 1105 1.0 1101 1.0
 1101 1102 2.0 1109 1.5
 1102
 1103 1106 1.0 1107 1.0 1108 1.0
 1104
 1105
 1106
 1107
 1108
 1109 1110 1.0 1113 1.0
 1110 1114 1.0 1115 1.0 1111 1.0
 1111 1116 1.5 1112 2.0
 1112
 1113
 1114
 1115
 1116 1125 1.0 1117 1.0
 1117 1118 1.0 1120 1.0 1126 1.0
 1118 1138 1.5 1119 2.0
 1119
 1120 1127 1.0 1121 1.0 1128 1.0
 1121 1122 1.0 1129 1.0 1130 1.0
 1122 1131 1.0 1132 1.0 1123 1.0
 1123 1134 1.0 1124 1.0 1133 1.0
 1124 1136 1.0 1135 1.0 1137 1.0
 1125
 1126
 1127
 1128
 1129
 1130
 1131
 1132
 1133
 1134
 1135
 1136
 1137
 1138 1139 1.0 1144 1.0
 1139 1142 1.0 1145 1.0 1140 1.0
 1140 1141 2.0 1152 1.5
 1141
 1142 1143 1.0 1146 1.0 1147 1.0
 1143 1148 1.0 1149 1.0 1144 1.0
 1144 1150 1.0 1151 1.0
 1145
 1146
 1147
 1148
 1149
 1150
 1151
 1152 1153 1.0 1161 1.0
 1153 1156 1.0 1162 1.0 1154 1.0
 1154 1155 2.0 1167 1.5
 1155
 1156 1157 1.0 1164 1.0 1163 1.0
 1157 1158 1.0 1165 1.0 1166 1.0
 1158 1159 2.0 1160 2.0
 1159
 1160
 1161
 1162
 1163
 1164
 1165
 1166
 1167 1168 1.0 1178 1.0
 1168 1169 1.0 1171 1.0 1179 1.0
 1169 1170 2.0 1187 1.5
 1170
 1171 1172 1.0 1180 1.0 1181 1.0
 1172 1173 1.5 1174 1.5
 1173 1175 1.5 1182 1.0
 1174 1183 1.0 1176 1.5
 1175 1177 1.5 1184 1.0
 1176 1177 2.0 1185 1.0
 1177 1186 1.0
 1178
 1179
 1180
 1181
 1182
 1183
 1184
 1185
 1186
 1187 1188 1.0 1196 1.0
 1188 1189 1.0 1191 1.0 1197 1.0
 1189 1202 1.5 1190 2.0
 1190
 1191 1192 1.0 1198 1.0 1199 1.0
 1192 1193 1.0 1200 1.0 1201 1.0
 1193 1194 2.0 1195 2.0
 1194
 1195
 1196
 1197
 1198
 1199
 1200
 1201
 1202 1203 1.0 1207 1.0
 1203 1206 1.0 1208 1.0 1204 1.0
 1204 1212 1.5 1205 2.0
 1205
 1206 1209 1.0 1210 1.0 1211 1.0
 1207
 1208
 1209
 1210
 1211
 1212 1220 1.0 1213 1.0
 1213 1214 1.0 1216 1.0 1221 1.0
 1214 1215 2.0 1231 1.5
 1215
 1216 1217 1.0 1222 1.0 1223 1.0
 1217 1218 1.0 1219 1.0 1224 1.0
 1218 1225 1.0 1226 1.0 1227 1.0
 1219 1228 1.0 1229 1.0 1230 1.0
 1220
 1221
 1222
 1223
 1224
 1225
 1226
 1227
 1228
 1229
 1230
 1231 1235 1.0 1232 1.0
 1232 1233 1.0 1236 1.0 1237 1.0
 1233 1234 2.0 1238 1.5
 1234
 1235
 1236
 1237
 1238 1239 1.0 1247 1.0
 1239 1242 1.0 1240 1.0 1248 1.0
 1240 1241 2.0 1255 1.5
 1241
 1242 1243 1.0 1249 1.0 1250 1.0
 1243 1251 1.0 1244 1.0 1252 1.0
 1244 1245 2.0 1246 1.5
 1245
 1246 1253 1.0 1254 1.0
 1247
 1248
 1249
 1250
 1251
 1252
 1253
 1254
 1255 1256 1.0 1264 1.0
 1256 1259 1.0 1265 1.0 1257 1.0
 1257 1277 1.5 1258 2.0
 1258
 1259 1260 1.0 1266 1.0 1267 1.0
 1260 1261 1.0 1269 1.0 1268 1.0
 1261 1270 1.0 1271 1.0 1262 1.0
 1262 1273 1.0 1263 1.0 1272 1.0
 1263 1275 1.0 1274 1.0 1276 1.0
 1264
 1265
 1266
 1267
 1268
 1269
 1270
 1271
 1272
 1273
 1274
 1275
 1276
 1277 1285 1.0 1278 1.0
 1278 1281 1.0 1279 1.0 1286 1.0
 1279 1296 1.5 1280 2.0
 1280
 1281 1287 1.0 1282 1.0 1288 1.0
 1282 1283 1.0 1289 1.0 1284 1.0
 1283 1290 1.0 1291 1.0 1292 1.0
 1284 1293 1.0 1294 1.0 1295 1.0
 1285
 1286
 1287
 1288
 1289
 1290
 1291
 1292
 1293
 1294
 1295
 1296 1297 1.0 1304 1.0
 1297 1305 1.0 1298 1.0 1300 1.0
 1298 1315 1.5 1299 2.0
 1299
 1300 1306 1.0 1302 1.0 1301 1.0
 1301 1303 1.0 1307 1.0 1308 1.0
 1302 1309 1.0 1310 1.0 1311 1.0
 1303 1313 1.0 1312 1.0 1314 1.0
 1304
 1305
 1306
 1307
 1308
 1309
 1310
 1311
 1312
 1313
 1314
 1315 1323 1.0 1316 1.0
 1316 1319 1.0 1324 1.0 1317 1.0
 1317 1327 1.5 1318 2.0
 1318
 1319 1325 1.0 1320 1.0 1326 1.0
 1320 1321 2.0 1322 2.0
 1321
 1322
 1323
 1324
 1325
 1326
 1327 1328 1.0 1332 1.0
 1328 1331 1.0 1329 1.0 1333 1.0
 1329 1330 2.0 1337 1.5
 1330
 1331 1334 1.0 1335 1.0 1336 1.0
 1332
 1333
 1334
 1335
 1336
 1337 1338 1.0 1341 1.0
 1338 1342 1.0 1343 1.0 1339 1.0
 1339 1344 1.5 1340 2.0
 1340
 1341
 1342
 1343
 1344 1356 1.0 1345 1.0
 1345 1346 1.0 1348 1.0 1357 1.0
 1346 1347 2.0 1365 1.5
 1347
 1348 1349 1.0 1358 1.0 1359 1.0
 1349 1350 1.5 1351 1.5
 1350 1352 1.5 1360 1.0
 1351 1361 1.0 1353 1.5
 1352 1362 1.0 1354 2.0
 1353 1354 1.5 1363 1.0
 1354 1355 1.0
 1355 1364 1.0
 1356
 1357
 1358
 1359
 1360
 1361
 1362
 1363
 1364
 1365 1366 1.0 1374 1.0
 1366 1367 1.0 1369 1.0 1375 1.0
 1367 1387 1.5 1368 2.0
 1368
 1369 1376 1.0 1370 1.0 1377 1.0
 1370 1371 2.0 1379 1.0 1378 1.0
 1371 1372 1.0 1380 1.0 1381 1.0
 1372 1373 1.0 1382 1.0 1383 1.0
 1373 1384 1.0 1385 1.0 1386 1.0
 1374
 1375
 1376
 1377
 1378
 1379
 1380
 1381
 1382
 1383
 1384
 1385
 1386
 1387 1388 1.0 1395 1.0
 1388 1389 1.0 1391 1.0 1396 1.0
 1389 1390 2.0 1406 1.5
 1390
 1391 1392 1.0 1393 1.0 1397 1.0
 1392 1394 1.0 1398 1.0 1399 1.0
 1393 1400 1.0 1401 1.0 1402 1.0
 1394 1403 1.0 1404 1.0 1405 1.0
 1395
 1396
 1397
 1398
 1399
 1400
 1401
 1402
 1403
 1404
 1405
 1406 1407 1.0 1417 1.0
 1407 1408 1.0 1410 1.0 1418 1.0
 1408 1430 1.5 1409 2.0
 1409
 1410 1411 1.0 1419 1.0 1420 1.0
 1411 1412 1.0 1421 1.0 1422 1.0
 1412 1413 1.0 1423 1.0 1424 1.0
 1413 1425 1.0 1414 1.5
 1414 1415 1.5 1416 1.5
 1415 1426 1.0 1427 1.0
 1416 1428 1.0 1429 1.0
 1417
 1418
 1419
 1420
 1421
 1422
 1423
 1424
 1425
 1426
 1427
 1428
 1429
 1430 1431 1.0 1438 1.0
 1431 1439 1.0 1434 1.0 1432 1.0
 1432 1449 1.5 1433 2.0
 1433
 1434 1435 1.0 1436 1.0 1440 1.0
 1435 1437 1.0 1441 1.0 1442 1.0
 1436 1444 1.0 1445 1.0 1443 1.0
 1437 1447 1.0 1446 1.0 1448 1.0
 1438
 1439
 1440
 1441
 1442
 1443
 1444
 1445
 1446
 1447
 1448
 1449 1450 1.0 1455 1.0
 1450 1451 1.0 1453 1.0 1456 1.0
 1451 1452 2.0 1460 1.5
 1452
 1453 1454 1.0 1457 1.0 1458 1.0
 1454 1459 1.0
 1455
 1456
 1457
 1458
 1459
 1460 1461 1.0 1468 1.0
 1461 1462 1.0 1469 1.0 1464 1.0
 1462 1472 1.5 1463 2.0
 1463
 1464 1471 1.0 1465 1.0 1470 1.0
 1465 1466 2.0 1467 2.0
 1466
 1467
 1468
 1469
 1470
 1471
 1472 1473 1.0 1481 1.0
 1473 1476 1.0 1482 1.0 1474 1.0
 1474 1475 2.0 1494 1.5
 1475
 1476 1477 1.0 1484 1.0 1483 1.0
 1477 1485 1.0 1486 1.0
 1478 1479 1.0 1487 1.0 1488 1.0
 1479 1480 1.0 1489 1.0 1490 1.0
 1480 1491 1.0 1492 1.0 1493 1.0
 1481
 1482
 1483
 1484
 1485
 1486
 1487
 1488
 1489
 1490
 1491
 1492
 1493
 1494 1495 1.0 1501 1.0
 1495 1502 1.0 1498 1.0 1496 1.0
 1496 1497 2.0 1510 1.5
 1497
 1498 1499 1.0 1500 1.0 1503 1.0
 1499 1506 1.0 1504 1.0 1505 1.0
 1500 1507 1.0 1508 1.0 1509 1.0
 1501
 1502
 1503
 1504
 1505
 1506
 1507
 1508
 1509
 1510 1511 1.0 1519 1.0
 1511 1512 1.0 1520 1.0 1514 1.0
 1512 1525 1.5 1513 2.0
 1513
 1514 1515 1.0 1521 1.0 1522 1.0
 1515 1516 1.0 1523 1.0 1524 1.0
 1516 1517 2.0 1518 2.0
 1517
 1518
 1519
 1520
 1521
 1522
 1523
 1524
 1525 1526 1.0 1530 1.0
 1526 1527 1.0 1529 1.0 1531 1.0
 1527 1535 2.0 1528 2.0
 1528
 1529 1534 1.0 1532 1.0 1533 1.0
 1530
 1531
 1532
 1533
 1534
 1535 1544 1.0 1536 1.0
 1536 1545 1.0 1539 1.0 1537 1.0
 1537 1538 2.0 1552 1.5
 1538
 1539 1540 1.0 1546 1.0 1547 1.0
 1540 1548 1.0 1549 1.0 1541 1.0
 1541 1542 2.0 1543 2.0
 1542
 1543 1551 1.0 1550 1.0
 1544
 1545
 1546
 1547
 1548
 1549
 1550
 1551
 1552 1553 1.0 1561 1.0
 1553 1554 1.0 1556 1.0 1562 1.0
 1554 1555 2.0 1567 1.5
 1555
 1556 1557 1.0 1563 1.0 1564 1.0
 1557 1558 1.0 1565 1.0 1566 1.0
 1558 1559 2.0 1560 2.0
 1559
 1560
 1561
 1562
 1563
 1564
 1565
 1566
 1567 1568 1.0 1578 1.0
 1568 1569 1.0 1579 1.0 1571 1.0
 1569 1570 2.0 1591 1.5
 1570
 1571 1572 1.0 1580 1.0 1581 1.0
 1572 1582 1.0 1573 1.0 1583 1.0
 1573 1574 1.0 1584 1.0 1585 1.0
 1574 1586 1.0 1575 1.5
 1575 1576 1.5 1577 1.5
 1576 1587 1.0 1588 1.0
 1577 1589 1.0 1590 1.0
 1578
 1579
 1580
 1581
 1582
 1583
 1584
 1585
 1586
 1587
 1588
 1589
 1590
 1591 1592 1.0 1599 1.0
 1592 1600 1.0 1593 1.0 1595 1.0
 1593 1594 2.0 1608 1.5
 1594
 1595 1596 1.0 1601 1.0 1602 1.0
 1596 1603 1.0 1597 1.0 1604 1.0
 1597 1598 1.0
 1598 1605 1.0 1606 1.0 1607 1.0
 1599
 1600
 1601
 1602
 1603
 1604
 1605
 1606
 1607
 1608 1609 1.0 1615 1.0
 1609 1610 1.0 1616 1.0 1612 1.0
 1610 1624 1.5 1611 2.0
 1611
 1612 1617 1.0 1613 1.0 1614 1.0
 1613 1619 1.0 1618 1.0 1620 1.0
 1614 1621 1.0 1622 1.0 1623 1.0
 1615
 1616
 1617
 1618
 1619
 1620
 1621
 1622
 1623
 1624 1625 1.0 1632 1.0
 1625 1626 1.0 1628 1.0 1633 1.0
 1626 1627 2.0 1643 1.5
 1627
 1628 1629 1.0 1634 1.0 1635 1.0
 1629 1636 1.0 1630 1.0 1631 1.0
 1630 1637 1.0 1638 1.0 1639 1.0
 1631 1640 1.0 1641 1.0 1642 1.0
 1632
 1633
 1634
 1635
 1636
 1637
 1638
 1639
 1640
 1641
 1642
 1643 1644 1.0 1647 1.0
 1644 1645 1.0 1648 1.0 1649 1.0
 1645 1646 2.0 1650 1.5
 1646
 1647
 1648
 1649
 1650 1651 1.0 1658 1.0
 1651 1659 1.0 1652 1.0 1654 1.0
 1652 1669 1.5 1653 2.0
 1653
 1654 1655 1.0 1660 1.0 1661 1.0
 1655 1657 1.0 1662 1.0 1656 1.0
 1656 1665 1.0 1663 1.0 1664 1.0
 1657 1666 1.0 1667 1.0 1668 1.0
 1658
 1659
 1660
 1661
 1662
 1663
 1664
 1665
 1666
 1667
 1668
 1669 1670 1.0 1677 1.0
 1670 1671 1.0 1673 1.0 1678 1.0
 1671 1672 2.0 1686 1.5
 1672
 1673 1680 1.0 1674 1.0 1679 1.0
 1674 1675 1.0 1681 1.0 1682 1.0
 1675 1676 1.0
 1676 1684 1.0 1685 1.0 1683 1.0
 1677
 1678
 1679
 1680
 1681
 1682
 1683
 1684
 1685
 1686 1687 1.0 1695 1.0
 1687 1688 1.0 1690 1.0 1696 1.0
 1688 1689 2.0 1708 1.5
 1689
 1690 1691 1.0 1697 1.0 1698 1.0
 1691 1692 1.0 1699 1.0 1700 1.0
 1692 1693 1.0 1701 1.0 1702 1.0
 1693 1703 1.0 1704 1.0 1694 1.0
 1694 1705 1.0 1706 1.0 1707 1.0
 1695
 1696
 1697
 1698
 1699
 1700
 1701
 1702
 1703
 1704
 1705
 1706
 1707
 1708 1709 1.0 1715 1.0
 1709 1712 1.0 1710 1.0 1716 1.0
 1710 1711 2.0 1722 1.5
 1711
 1712 1713 1.0 1714 1.0 1717 1.0
 1713 1718 1.0
 1714 1719 1.0 1720 1.0 1721 1.0
 1715
 1716
 1717
 1718
 1719
 1720
 1721
 1722 1731 1.0 1723 1.0
 1723 1724 1.0 1726 1.0 1732 1.0
 1724 1725 2.0 1737 1.5
 1725
 1726 1733 1.0 1734 1.0 1727 1.0
 1727 1728 1.0 1735 1.0 1736 1.0
 1728 1729 2.0 1730 2.0
 1729
 1730
 1731
 1732
 1733
 1734
 1735
 1736
 1737 1738 1.0 1745 1.0
 1738 1739 1.0 1741 1.0 1746 1.0
 1739 1740 2.0 1749 1.5
 1740
 1741 1742 1.0 1747 1.0 1748 1.0
 1742 1744 2.0 1743 2.0
 1743
 1744
 1745
 1746
 1747
 1748
 1749 1750 1.0 1755 1.0
 1750 1751 1.0 1753 1.0 1756 1.0
 1751 1763 1.5 1752 2.0
 1752
 1753 1754 1.0 1757 1.0 1758 1.0
 1754 1759 1.0 1755 1.0 1760 1.0
 1755 1761 1.0 1762 1.0
 1756
 1757
 1758
 1759
 1760
 1761
 1762
 1763 1767 1.0 1764 1.0
 1764 1765 1.0 1768 1.0 1769 1.0
 1765 1770 1.5 1766 2.0
 1766
 1767
 1768
 1769
 1770 1771 1.0 1774 1.0
 1771 1772 1.0 1775 1.0 1776 1.0
 1772 1773 2.0 1777 1.5
 1773
 1774
 1775
 1776
 1777 1778 1.0 1785 1.0
 1778 1779 1.0 1781 1.0 1786 1.0
 1779 1791 1.5 1780 2.0
 1780
 1781 1782 1.0 1787 1.0 1788 1.0
 1782 1784 1.5 1783 2.0
 1783
 1784 1789 1.0 1790 1.0
 1785
 1786
 1787
 1788
 1789
 1790
 1791 1792 1.0 1797 1.0
 1792 1793 1.0 1795 1.0 1798 1.0
 1793 1794 2.0 1805 1.5
 1794
 1795 1796 1.0 1799 1.0 1800 1.0
 1796 1802 1.0 1801 1.0 1797 1.0
 1797 1803 1.0 1804 1.0
 1798
 1799
 1800
 1801
 1802
 1803
 1804
 1805 1806 1.0 1812 1.0
 1806 1807 1.0 1809 1.0 1813 1.0
 1807 1819 1.5 1808 2.0
 1808
 1809 1810 1.0 1811 1.0 1814 1.0
 1810 1815 1.0
 1811 1816 1.0 1817 1.0 1818 1.0
 1812
 1813
 1814
 1815
 1816
 1817
 1818
 1819 1820 1.0 1828 1.0
 1820 1821 1.0 1829 1.0 1823 1.0
 1821 1822 2.0 1834 1.5
 1822
 1823 1824 1.0 1830 1.0 1831 1.0
 1824 1825 1.0 1832 1.0 1833 1.0
 1825 1826 2.0 1827 2.0
 1826
 1827
 1828
 1829
 1830
 1831
 1832
 1833
 1834 1835 1.0 1842 1.0
 1835 1836 1.0 1838 1.0 1843 1.0
 1836 1837 2.0 1853 2.0
 1837
 1838 1840 1.0 1839 1.0 1844 1.0
 1839 1845 1.0 1846 1.0 1841 1.0
 1840 1849 1.0 1847 1.0 1848 1.0
 1841 1852 1.0 1850 1.0 1851 1.0
 1842
 1843
 1844
 1845
 1846
 1847
 1848
 1849
 1850
 1851
 1852
 1853 1854 1.0 1864 1.0
 1854 1855 1.0 1857 1.0 1865 1.0
 1855 1856 2.0 1873 1.5
 1856
 1857 1858 1.0 1866 1.0 1867 1.0
 1858 1859 1.5 1860 1.5
 1859 1861 1.5 1868 1.0
 1860 1862 1.5 1869 1.0
 1861 1870 1.0 1863 2.0
 1862 1863 1.5 1871 1.0
 1863 1872 1.0
 1864
 1865
 1866
 1867
 1868
 1869
 1870
 1871
 1872
 1873 1874 1.0 1887 1.0
 1874 1877 1.0 1875 1.0 1888 1.0
 1875 1897 1.5 1876 2.0
 1876
 1877 1889 1.0 1890 1.0 1878 1.0
 1878 1880 1.5 1879 2.0
 1879 1881 1.5 1891 1.0
 1880 1883 1.5 1882 1.5
 1881 1882 1.5 1892 1.0
 1882 1884 1.5
 1883 1885 1.5 1893 1.0
 1884 1886 2.0 1894 1.0
 1885 1895 1.0 1886 1.5
 1886 1896 1.0
 1887
 1888
 1889
 1890
 1891
 1892
 1893
 1894
 1895
 1896
 1897 1898 1.0 1901 1.0
 1898 1902 1.0 1903 1.0 1899 1.0
 1899 1900 2.0 1904 1.5
 1900
 1901
 1902
 1903
 1904 1905 1.0 1910 1.0
 1905 1906 1.0 1908 1.0 1911 1.0
 1906 1907 2.0 1918 1.5
 1907
 1908 1909 1.0 1912 1.0 1913 1.0
 1909 1910 1.0 1914 1.0 1915 1.0
 1910 1916 1.0 1917 1.0
 1911
 1912
 1913
 1914
 1915
 1916
 1917
 1918 1919 1.0 1929 1.0
 1919 1920 1.0 1930 1.0 1922 1.0
 1920 1942 1.5 1921 2.0
 1921
 1922 1923 1.0 1931 1.0 1932 1.0
 1923 1924 1.0 1933 1.0 1934 1.0
 1924 1925 1.0 1936 1.0 1935 1.0
 1925 1926 1.5 1937 1.0
 1926 1928 1.5 1927 1.5
 1927 1938 1.0 1939 1.0
 1928 1940 1.0 1941 1.0
 1929
 1930
 1931
 1932
 1933
 1934
 1935
 1936
 1937
 1938
 1939
 1940
 1941
 1942 1943 1.0 1950 1.0
 1943 1944 1.0 1946 1.0 1951 1.0
 1944 1945 2.0 1961 1.5
 1945
 1946 1947 1.0 1948 1.0 1952 1.0
 1947 1953 1.0 1954 1.0 1949 1.0
 1948 1955 1.0 1956 1.0 1957 1.0
 1949 1958 1.0 1959 1.0 1960 1.0
 1950
 1951
 1952
 1953
 1954
 1955
 1956
 1957
 1958
 1959
 1960
 1961 1962 1.0 1969 1.0
 1962 1963 1.0 1965 1.0 1970 1.0
 1963 1973 1.5 1964 2.0
 1964
 1965 1971 1.0 1972 1.0 1966 1.0
 1966 1967 2.0 1968 2.0
 1967
 1968
 1969
 1970
 1971
 1972
 1973 1974 1.0 1981 1.0
 1974 1975 1.0 1977 1.0 1982 1.0
 1975 1976 2.0 1990 1.5
 1976
 1977 1978 1.0 1983 1.0 1984 1.0
 1978 1979 1.0 1985 1.0 1986 1.0
 1979 1980 1.0
 1980 1988 1.0 1987 1.0 1989 1.0
 1981
 1982
 1983
 1984
 1985
 1986
 1987
 1988
 1989
 1990 1991 1.0 1996 1.0
 1991 1994 1.0 1992 1.0 1997 1.0
 1992 1993 2.0 2001 1.5
 1993
 1994 1998 1.0 1999 1.0 1995 1.0
 1995 2000 1.0
 1996
 1997
 1998
 1999
 2000
 2001 2002 1.0 2009 1.0
 2002 2003 1.0 2005 1.0 2010 1.0
 2003 2015 1.5 2004 2.0
 2004
 2005 2006 1.0 2011 1.0 2012 1.0
 2006 2007 2.0 2008 1.5
 2007
 2008 2014 1.0 2013 1.0
 2009
 2010
 2011
 2012
 2013
 2014
 2015 2021 1.0 2016 1.0
 2016 2019 1.0 2022 1.0 2017 1.0
 2017 2018 2.0 2029 1.5
 2018
 2019 2024 1.0 2020 1.0 2023 1.0
 2020 2026 1.0 2021 1.0 2025 1.0
 2021 2027 1.0 2028 1.0
 2022
 2023
 2024
 2025
 2026
 2027
 2028
 2029 2040 1.0 2030 1.0
 2030 2031 1.0 2033 1.0 2041 1.0
 2031 2032 2.0 2049 1.5
 2032
 2033 2043 1.0 2042 1.0 2034 1.0
 2034 2036 1.5 2035 2.0
 2035 2037 1.5 2044 1.0
 2036 2045 1.0 2038 1.5
 2037 2039 2.0 2046 1.0
 2038 2047 1.0 2039 1.5
 2039 2048 1.0
 2040
 2041
 2042
 2043
 2044
 2045
 2046
 2047
 2048
 2049 2050 1.0 2059 1.0
 2050 2053 1.0 2060 1.0 2051 1.0
 2051 2052 2.0 2066 1.5
 2052
 2053 2054 1.0 2061 1.0 2062 1.0
 2054 2055 1.5 2056 2.0
 2055 2057 2.0
 2056 2058 1.5 2063 1.0
 2057 2064 1.0 2058 1.5
 2058 2065 1.0
 2059
 2060
 2061
 2062
 2063
 2064
 2065
 2066 2067 1.0 2072 1.0
 2067 2068 1.0 2070 1.0 2073 1.0
 2068 2069 2.0 2080 1.5
 2069
 2070 2071 1.0 2074 1.0 2075 1.0
 2071 2076 1.0 2072 1.0 2077 1.0
 2072 2078 1.0 2079 1.0
 2073
 2074
 2075
 2076
 2077
 2078
 2079
 2080 2084 1.0 2081 1.0
 2081 2082 1.0 2085 1.0 2086 1.0
 2082 2083 2.0 2087 1.5
 2083
 2084
 2085
 2086
 2087 2098 1.0 2088 1.0
 2088 2089 1.0 2099 1.0 2091 1.0
 2089 2090 2.0 2111 1.5
 2090
 2091 2092 1.0 2100 1.0 2101 1.0
 2092 2093 1.0 2103 1.0 2102 1.0
 2093 2094 1.0 2104 1.0 2105 1.0
 2094 2095 1.5 2106 1.0
 2095 2097 1.5 2096 1.5
 2096 2107 1.0 2108 1.0
 2097 2109 1.0 2110 1.0
 2098
 2099
 2100
 2101
 2102
 2103
 2104
 2105
 2106
 2107
 2108
 2109
 2110
 2111 2112 1.0 2117 1.0
 2112 2115 1.0 2118 1.0 2113 1.0
 2113 2125 1.5 2114 2.0
 2114
 2115 2116 1.0 2120 1.0 2119 1.0
 2116 2121 1.0 2122 1.0 2117 1.0
 2117 2124 1.0 2123 1.0
 2118
 2119
 2120
 2121
 2122
 2123
 2124
 2125 2133 1.0 2126 1.0
 2126 2127 1.0 2129 1.0 2134 1.0
 2127 2128 2.0 2144 1.5
 2128
 2129 2135 1.0 2136 1.0 2130 1.0
 2130 2137 1.0 2131 1.0 2132 1.0
 2131 2139 1.0 2140 1.0 2138 1.0
 2132 2143 1.0 2141 1.0 2142 1.0
 2133
 2134
 2135
 2136
 2137
 2138
 2139
 2140
 2141
 2142
 2143
 2144 2145 1.0 2154 1.0
 2145 2146 1.0 2155 1.0 2148 1.0
 2146 2147 2.0 2161 1.5
 2147
 2148 2149 1.0 2156 1.0 2157 1.0
 2149 2150 1.5 2151 2.0
 2150 2152 1.5
 2151 2153 1.5 2158 1.0
 2152 2153 2.0 2159 1.0
 2153 2160 1.0
 2154
 2155
 2156
 2157
 2158
 2159
 2160
 2161 2162 1.0 2165 1.0
 2162 2166 1.0 2167 1.0 2163 1.0
 2163 2164 2.0 2168 1.5
 2164
 2165
 2166
 2167
 2168 2169 1.0 2177 1.0
 2169 2170 1.0 2172 1.0 2178 1.0
 2170 2190 1.5 2171 2.0
 2171
 2172 2173 1.0 2179 1.0 2180 1.0
 2173 2174 1.0 2181 1.0 2182 1.0
 2174 2175 1.0 2183 1.0 2184 1.0
 2175 2176 1.0 2185 1.0 2186 1.0
 2176 2187 1.0 2188 1.0 2189 1.0
 2177
 2178
 2179
 2180
 2181
 2182
 2183
 2184
 2185
 2186
 2187
 2188
 2189
 2190 2191 1.0 2201 1.0
 2191 2192 1.0 2194 1.0 2202 1.0
 2192 2193 2.0 2210 1.5
 2193
 2194 2203 1.0 2195 1.0 2204 1.0
 2195 2197 1.5 2196 1.5
 2196 2198 2.0 2205 1.0
 2197 2206 1.0 2199 1.5
 2198 2207 1.0 2200 1.5
 2199 2208 1.0 2200 1.5
 2200 2209 1.0
 2201
 2202
 2203
 2204
 2205
 2206
 2207
 2208
 2209
 2210 2211 1.0 2217 1.0
 2211 2212 1.0 2218 1.0 2214 1.0
 2212 2226 1.5 2213 2.0
 2213
 2214 2215 1.0 2216 1.0 2219 1.0
 2215 2220 1.0 2221 1.0 2222 1.0
 2216 2225 1.0 2223 1.0 2224 1.0
 2217
 2218
 2219
 2220
 2221
 2222
 2223
 2224
 2225
 2226 2227 1.0 2233 1.0
 2227 2228 1.0 2234 1.0 2230 1.0
 2228 2229 2.0 2240 1.5
 2229
 2230 2231 1.0 2232 1.0 2235 1.0
 2231 2236 1.0
 2232 2237 1.0 2238 1.0 2239 1.0
 2233
 2234
 2235
 2236
 2237
 2238
 2239
 2240 2244 1.0 2241 1.0
 2241 2246 1.0 2242 1.0 2245 1.0
 2242 2243 2.0 2247 1.5
 2243
 2244
 2245
 2246
 2247 2248 1.0 2255 1.0
 2248 2251 1.0 2249 1.0 2256 1.0
 2249 2250 2.0 2259 1.5
 2250
 2251 2252 1.0 2257 1.0 2258 1.0
 2252 2253 2.0 2254 2.0
 2253
 2254
 2255
 2256
 2257
 2258
 2259 2260 1.0 2268 1.0
 2260 2261 1.0 2269 1.0 2263 1.0
 2261 2276 1.5 2262 2.0
 2262
 2263 2264 1.0 2270 1.0 2271 1.0
 2264 2273 1.0 2265 1.0 2272 1.0
 2265 2266 2.0 2267 1.5
 2266
 2267 2274 1.0 2275 1.0
 2268
 2269
 2270
 2271
 2272
 2273
 2274
 2275
 2276 2277 1.0 2280 1.0
 2277 2278 1.0 2281 1.0 2282 1.0
 2278 2279 2.0 2283 1.5
 2279
 2280
 2281
 2282
 2283 2291 1.0 2284 1.0
 2284 2292 1.0 2285 1.0 2287 1.0
 2285 2286 2.0 2302 1.5
 2286
 2287 2294 1.0 2288 1.0 2293 1.0
 2288 2289 1.0 2290 1.0 2295 1.0
 2289 2296 1.0 2297 1.0 2298 1.0
 2290 2301 1.0 2299 1.0 2300 1.0
 2291
 2292
 2293
 2294
 2295
 2296
 2297
 2298
 2299
 2300
 2301
 2302 2303 1.0 2306 1.0
 2303 2304 1.0 2307 1.0 2308 1.0
 2304 2305 2.0 2309 1.5
 2305
 2306
 2307
 2308
 2309 2310 1.0 2319 1.0
 2310 2313 1.0 2311 1.0 2320 1.0
 2311 2312 2.0 2326 1.5
 2312
 2313 2314 1.0 2321 1.0 2322 1.0
 2314 2315 1.5 2316 2.0
 2315 2317 1.5 2323 1.0
 2316 2318 1.5 2324 1.0
 2317 2318 2.0 2325 1.0
 2318 4555 1.0
 2319
 2320
 2321
 2322
 2323
 2324
 2325
 2326 2327 1.0 2332 1.0
 2327 2333 1.0 2328 1.0 2330 1.0
 2328 2329 2.0 2337 1.5
 2329
 2330 2331 1.0 2334 1.0 2335 1.0
 2331 2336 1.0
 2332
 2333
 2334
 2335
 2336
 2337 2345 1.0 2338 1.0
 2338 2339 1.0 2341 1.0 2346 1.0
 2339 2340 2.0 2356 1.5
 2340
 2341 2342 1.0 2343 1.0 2347 1.0
 2342 2344 1.0 2348 1.0 2349 1.0
 2343 2350 1.0 2351 1.0 2352 1.0
 2344 2353 1.0 2354 1.0 2355 1.0
 2345
 2346
 2347
 2348
 2349
 2350
 2351
 2352
 2353
 2354
 2355
 2356 2357 1.0 2363 1.0
 2357 2360 1.0 2364 1.0 2358 1.0
 2358 2359 2.0 2372 1.5
 2359
 2360 2361 1.0 2362 1.0 2365 1.0
 2361 2366 1.0 2368 1.0 2367 1.0
 2362 2369 1.0 2370 1.0 2371 1.0
 2363
 2364
 2365
 2366
 2367
 2368
 2369
 2370
 2371
 2372 2373 1.0 2383 1.0
 2373 2374 1.0 2384 1.0 2376 1.0
 2374 2375 2.0 2396 1.5
 2375
 2376 2377 1.0 2385 1.0 2386 1.0
 2377 2378 1.0 2387 1.0 2388 1.0
 2378 2379 1.0 2389 1.0 2390 1.0
 2379 2380 1.5 2391 1.0
 2380 2381 1.5 2382 1.5
 2381 2392 1.0 2393 1.0
 2382 2394 1.0 2395 1.0
 2383
 2384
 2385
 2386
 2387
 2388
 2389
 2390
 2391
 2392
 2393
 2394
 2395
 2396 2397 1.0 2405 1.0
 2397 2400 1.0 2406 1.0 2398 1.0
 2398 2399 2.0 2413 1.5
 2399
 2400 2401 1.0 2407 1.0 2408 1.0
 2401 2402 1.0 2409 1.0 2410 1.0
 2402 2404 1.5 2403 2.0
 2403
 2404 2411 1.0 2412 1.0
 2405
 2406
 2407
 2408
 2409
 2410
 2411
 2412
 2413 2414 1.0 2420 1.0
 2414 2417 1.0 2415 1.0 2421 1.0
 2415 2427 1.5 2416 2.0
 2416
 2417 2418 1.0 2419 1.0 2422 1.0
 2418 2423 1.0
 2419 2424 1.0 2425 1.0 2426 1.0
 2420
 2421
 2422
 2423
 2424
 2425
 2426
 2427 2428 1.0 2435 1.0
 2428 2429 1.0 2431 1.0 2436 1.0
 2429 2430 2.0 2439 1.5
 2430
 2431 2432 1.0 2437 1.0 2438 1.0
 2432 2434 2.0 2433 2.0
 2433
 2434
 2435
 2436
 2437
 2438
 2439 2440 1.0 2446 1.0
 2440 2441 1.0 2443 1.0 2447 1.0
 2441 2442 2.0 2455 1.5
 2442
 2443 2444 1.0 2445 1.0 2448 1.0
 2444 2449 1.0 2450 1.0 2451 1.0
 2445 2453 1.0 2452 1.0 2454 1.0
 2446
 2447
 2448
 2449
 2450
 2451
 2452
 2453
 2454
 2455 2456 1.0 2460 1.0
 2456 2457 1.0 2459 1.0 2461 1.0
 2457 2458 2.0 2465 1.5
 2458
 2459 2462 1.0 2463 1.0 2464 1.0
 2460
 2461
 2462
 2463
 2464
 2465 2466 1.0 2474 1.0
 2466 2467 1.0 2475 1.0 2469 1.0
 2467 2468 2.0 2480 1.5
 2468
 2469 2476 1.0 2470 1.0 2477 1.0
 2470 2471 1.0 2478 1.0 2479 1.0
 2471 2473 2.0 2472 2.0
 2472
 2473
 2474
 2475
 2476
 2477
 2478
 2479
 2480 2481 1.0 2485 1.0
 2481 2482 1.0 2486 1.0 2484 1.0
 2482 2483 2.0 2490 1.5
 2483
 2484 2487 1.0 2488 1.0 2489 1.0
 2485
 2486
 2487
 2488
 2489
 2490 2491 1.0 2500 1.0
 2491 2492 1.0 2501 1.0 2494 1.0
 2492 2493 2.0 2507 1.5
 2493
 2494 2495 1.0 2503 1.0 2502 1.0
 2495 2496 1.5 2497 2.0
 2496 2498 2.0
 2497 2499 1.5 2504 1.0
 2498 2499 2.0 2505 1.0
 2499 2506 1.0
 2500
 2501
 2502
 2503
 2504
 2505
 2506
 2507 2508 1.0 2516 1.0
 2508 2517 1.0 2509 1.0 2511 1.0
 2509 2510 2.0 2529 1.5
 2510
 2511 2518 1.0 2519 1.0 2512 1.0
 2512 2521 1.0 2513 1.0 2520 1.0
 2513 2522 1.0 2514 1.0 2523 1.0
 2514 2524 1.0 2515 1.0 2525 1.0
 2515 2526 1.0 2527 1.0 2528 1.0
 2516
 2517
 2518
 2519
 2520
 2521
 2522
 2523
 2524
 2525
 2526
 2527
 2528
 2529 2530 1.0 2540 1.0
 2530 2531 1.0 2533 1.0 2541 1.0
 2531 2532 2.0 2549 1.5
 2532
 2533 2534 1.0 2542 1.0 2543 1.0
 2534 2535 1.5 2536 1.5
 2535 2544 1.0 2537 1.5
 2536 2538 1.5 2545 1.0
 2537 2539 1.5 2546 1.0
 2538 2539 1.5 2547 1.0
 2539 2548 1.0
 2540
 2541
 2542
 2543
 2544
 2545
 2546
 2547
 2548
 2549 2550 1.0 2561 1.0
 2550 2562 1.0 2551 1.0 2553 1.0
 2551 2552 2.0 2570 1.5
 2552
 2553 2554 1.0 2563 1.0 2564 1.0
 2554 2555 1.5 2556 1.5
 2555 2557 1.5 2565 1.0
 2556 2566 1.0 2558 1.5
 2557 2559 1.5 2567 1.0
 2558 2568 1.0 2559 1.5
 2559 2560 1.0
 2560 2569 1.0
 2561
 2562
 2563
 2564
 2565
 2566
 2567
 2568
 2569
 2570 2571 1.0 2576 1.0
 2571 2572 1.0 2577 1.0 2574 1.0
 2572 2573 2.0 2581 1.5
 2573
 2574 2575 1.0 2578 1.0 2579 1.0
 2575 2580 1.0
 2576
 2577
 2578
 2579
 2580
 2581 2582 1.0 2589 1.0
 2582 2583 1.0 2590 1.0 2585 1.0
 2583 2584 2.0 2600 1.5
 2584
 2585 2591 1.0 2586 1.0 2592 1.0
 2586 2593 1.0 2588 1.0 2587 1.0
 2587 2594 1.0 2595 1.0 2596 1.0
 2588 2597 1.0 2598 1.0 2599 1.0
 2589
 2590
 2591
 2592
 2593
 2594
 2595
 2596
 2597
 2598
 2599
 2600 2601 1.0 2608 1.0
 2601 2602 1.0 2604 1.0 2609 1.0
 2602 2603 2.0 2619 1.5
 2603
 2604 2610 1.0 2611 1.0 2605 1.0
 2605 2606 1.0 2607 1.0 2612 1.0
 2606 2614 1.0 2615 1.0 2613 1.0
 2607 2616 1.0 2617 1.0 2618 1.0
 2608
 2609
 2610
 2611
 2612
 2613
 2614
 2615
 2616
 2617
 2618
 2619 2620 1.0 2623 1.0
 2620 2621 1.0 2624 1.0 2625 1.0
 2621 2622 2.0 2626 1.5
 2622
 2623
 2624
 2625
 2626 2627 1.0 2637 1.0
 2627 2628 1.0 2630 1.0 2638 1.0
 2628 2629 2.0 2646 1.5
 2629
 2630 2631 1.0 2639 1.0 2640 1.0
 2631 2632 1.5 2633 1.5
 2632 2634 1.5 2641 1.0
 2633 2642 1.0 2635 1.5
 2634 2636 1.5 2643 1.0
 2635 2644 1.0 2636 1.5
 2636 2645 1.0
 2637
 2638
 2639
 2640
 2641
 2642
 2643
 2644
 2645
 2646 2647 1.0 2657 1.0
 2647 2648 1.0 2650 1.0 2658 1.0
 2648 2649 2.0 2670 1.5
 2649
 2650 2659 1.0 2651 1.0 2660 1.0
 2651 2661 1.0 2652 1.0 2662 1.0
 2652 2653 1.0 2663 1.0 2664 1.0
 2653 2654 1.5 2665 1.0
 2654 2655 1.5 2656 1.5
 2655 2666 1.0 2667 1.0
 2656 2668 1.0 2669 1.0
 2657
 2658
 2659
 2660
 2661
 2662
 2663
 2664
 2665
 2666
 2667
 2668
 2669
 2670 2671 1.0 2674 1.0
 2671 2675 1.0 2676 1.0 2672 1.0
 2672 2673 2.0 2677 1.5
 2673
 2674
 2675
 2676
 2677 2685 1.0 2678 1.0
 2678 2679 1.0 2681 1.0 2686 1.0
 2679 2680 2.0 2689 1.5
 2680
 2681 2682 1.0 2687 1.0 2688 1.0
 2682 2683 2.0 2684 2.0
 2683
 2684
 2685
 2686
 2687
 2688
 2689 2690 1.0 2696 1.0
 2690 2691 1.0 2697 1.0 2693 1.0
 2691 2692 2.0 2705 1.5
 2692
 2693 2694 1.0 2695 1.0 2698 1.0
 2694 2700 1.0 2701 1.0 2699 1.0
 2695 2702 1.0 2703 1.0 2704 1.0
 2696
 2697
 2698
 2699
 2700
 2701
 2702
 2703
 2704
 2705 2706 1.0 2714 1.0
 2706 2709 1.0 2707 1.0 2715 1.0
 2707 2708 2.0 2720 1.5
 2708
 2709 2710 1.0 2716 1.0 2717 1.0
 2710 2711 1.0 2718 1.0 2719 1.0
 2711 2712 2.0 2713 2.0
 2712
 2713 4556 1.0
 2714
 2715
 2716
 2717
 2718
 2719
 2720 2721 1.0 2732 1.0
 2721 2722 1.0 2724 1.0 2733 1.0
 2722 2723 2.0 2741 1.5
 2723
 2724 2725 1.0 2734 1.0 2735 1.0
 2725 2726 1.5 2727 1.5
 2726 2728 1.5 2736 1.0
 2727 2729 1.5 2737 1.0
 2728 2738 1.0 2730 2.0
 2729 2730 2.0 2739 1.0
 2730 2731 1.0
 2731 2740 1.0
 2732
 2733
 2734
 2735
 2736
 2737
 2738
 2739
 2740
 2741 2752 1.0 2742 1.0
 2742 2743 1.0 2745 1.0 2753 1.0
 2743 2744 2.0 2765 1.5
 2744
 2745 2746 1.0 2754 1.0 2755 1.0
 2746 2756 1.0 2757 1.0 2747 1.0
 2747 2758 1.0 2759 1.0 2748 1.0
 2748 2749 1.5 2760 1.0
 2749 2750 1.5 2751 1.5
 2750 2761 1.0 2762 1.0
 2751 2763 1.0 2764 1.0
 2752
 2753
 2754
 2755
 2756
 2757
 2758
 2759
 2760
 2761
 2762
 2763
 2764
 2765 2766 1.0 2773 1.0
 2766 2774 1.0 2767 1.0 2769 1.0
 2767 2768 2.0 2784 1.5
 2768
 2769 2770 1.0 2771 1.0 2775 1.0
 2770 2772 1.0 2777 1.0 2776 1.0
 2771 2778 1.0 2779 1.0 2780 1.0
 2772 2781 1.0 2783 1.0 2782 1.0
 2773
 2774
 2775
 2776
 2777
 2778
 2779
 2780
 2781
 2782
 2783
 2784 2790 1.0 2785 1.0
 2785 2786 1.0 2788 1.0 2791 1.0
 2786 2787 2.0 4596 1.5
 2787
 2788 2789 1.0 2793 1.0 2792 1.0
 2789 2790 1.0 2794 1.0 2795 1.0
 2790 2797 1.0 2796 1.0
 2791
 2792
 2793
 2794
 2795
 2796
 2797
 2798 2799 1.0
 2799 2802 1.0 2800 1.0 2805 1.0
 2800 2811 1.5 2801 2.0
 2801
 2802 2804 1.0 2806 1.0 2803 1.0
 2803 2807 1.0
 2804 2808 1.0 2809 1.0 2810 1.0
 2805
 2806
 2807
 2808
 2809
 2810
 2811 2812 1.0 2816 1.0
 2812 2813 1.0 2815 1.0 2817 1.0
 2813 2821 1.5 2814 2.0
 2814
 2815 2818 1.0 2819 1.0 2820 1.0
 2816
 2817
 2818
 2819
 2820
 2821 2822 1.0 2830 1.0
 2822 2823 1.0 2831 1.0 2825 1.0
 2823 2836 1.5 2824 2.0
 2824
 2825 2826 1.0 2833 1.0 2832 1.0
 2826 2827 1.0 2834 1.0 2835 1.0
 2827 2828 2.0 2829 2.0
 2828
 2829
 2830
 2831
 2832
 2833
 2834
 2835
 2836 2837 1.0 2844 1.0
 2837 2838 1.0 2840 1.0 2845 1.0
 2838 2855 1.5 2839 2.0
 2839
 2840 2841 1.0 2846 1.0 2847 1.0
 2841 2842 1.0 2843 1.0 2848 1.0
 2842 2849 1.0 2850 1.0 2851 1.0
 2843 2852 1.0 2853 1.0 2854 1.0
 2844
 2845
 2846
 2847
 2848
 2849
 2850
 2851
 2852
 2853
 2854
 2855 2856 1.0 2861 1.0
 2856 2862 1.0 2857 1.0 2859 1.0
 2857 2858 2.0 2866 1.5
 2858
 2859 2860 1.0 2863 1.0 2864 1.0
 2860 2865 1.0
 2861
 2862
 2863
 2864
 2865
 2866 2877 1.0 2867 1.0
 2867 2868 1.0 2870 1.0 2878 1.0
 2868 2869 2.0 2886 1.5
 2869
 2870 2879 1.0 2880 1.0 2871 1.0
 2871 2872 1.5 2873 1.5
 2872 2881 1.0 2874 1.5
 2873 2875 1.5 2882 1.0
 2874 2876 1.5 2883 1.0
 2875 2884 1.0 2876 2.0
 2876 2885 1.0
 2877
 2878
 2879
 2880
 2881
 2882
 2883
 2884
 2885
 2886 2887 1.0 2894 1.0
 2887 2888 1.0 2895 1.0 2890 1.0
 2888 2903 1.5 2889 2.0
 2889
 2890 2891 1.0 2897 1.0 2896 1.0
 2891 2898 1.0 2892 1.0 2899 1.0
 2892 2893 1.0
 2893 2900 1.0 2901 1.0 2902 1.0
 2894
 2895
 2896
 2897
 2898
 2899
 2900
 2901
 2902
 2903 2904 1.0 2913 1.0
 2904 2905 1.0 2914 1.0 2907 1.0
 2905 2906 2.0 2920 1.5
 2906
 2907 2915 1.0 2908 1.0 2916 1.0
 2908 2910 2.0 2909 1.5
 2909 2911 2.0
 2910 2917 1.0 2912 1.5
 2911 2912 2.0 2918 1.0
 2912 2919 1.0
 2913
 2914
 2915
 2916
 2917
 2918
 2919
 2920 2921 1.0 2926 1.0
 2921 2922 1.0 2924 1.0 2927 1.0
 2922 2923 2.0 2931 1.5
 2923
 2924 2928 1.0 2929 1.0 2925 1.0
 2925 2930 1.0
 2926
 2927
 2928
 2929
 2930
 2931 2932 1.0 2939 1.0
 2932 2935 1.0 2933 1.0 2940 1.0
 2933 2934 2.0 2945 1.5
 2934
 2935 2941 1.0 2942 1.0 2936 1.0
 2936 2937 2.0 2938 1.5
 2937
 2938 2944 1.0 2943 1.0
 2939
 2940
 2941
 2942
 2943
 2944
 2945 2946 1.0 2950 1.0
 2946 2947 1.0 2949 1.0 2951 1.0
 2947 2948 2.0 2955 1.5
 2948
 2949 2952 1.0 2953 1.0 2954 1.0
 2950
 2951
 2952
 2953
 2954
 2955 2956 1.0 2966 1.0
 2956 2957 1.0 2967 1.0 2959 1.0
 2957 2958 2.0 2979 1.5
 2958
 2959 2960 1.0 2968 1.0 2969 1.0
 2960 2961 1.0 2970 1.0 2971 1.0
 2961 2962 1.0 2972 1.0 2973 1.0
 2962 2963 1.5 2974 1.0
 2963 2964 1.5 2965 1.5
 2964 2976 1.0 2975 1.0
 2965 2978 1.0 2977 1.0
 2966
 2967
 2968
 2969
 2970
 2971
 2972
 2973
 2974
 2975
 2976
 2977
 2978
 2979 2980 1.0 2987 1.0
 2980 2981 1.0 2983 1.0 2988 1.0
 2981 2982 2.0 2991 1.5
 2982
 2983 2984 1.0 2989 1.0 2990 1.0
 2984 2985 2.0 2986 2.0
 2985
 2986
 2987
 2988
 2989
 2990
 2991 3001 1.0 2992 1.0
 2992 3002 1.0 2993 1.0 2995 1.0
 2993 2994 2.0 3008 1.5
 2994
 2995 3004 1.0 2996 1.0 3003 1.0
 2996 2997 1.5 2998 2.0
 2997 2999 1.5 3005 1.0
 2998 3000 1.5 3006 1.0
 2999 3000 2.0 3007 1.0
 3000
 3001
 3002
 3003
 3004
 3005
 3006
 3007
 3008 3009 1.0 3014 1.0
 3009 3012 1.0 3010 1.0 3015 1.0
 3010 3011 2.0 3019 1.5
 3011
 3012 3013 1.0 3016 1.0 3017 1.0
 3013 3018 1.0
 3014
 3015
 3016
 3017
 3018
 3019 3020 1.0 3027 1.0
 3020 3021 1.0 3023 1.0 3028 1.0
 3021 3022 2.0 3038 1.5
 3022
 3023 3029 1.0 3025 1.0 3024 1.0
 3024 3026 1.0 3031 1.0 3030 1.0
 3025 3033 1.0 3032 1.0 3034 1.0
 3026 3035 1.0 3036 1.0 3037 1.0
 3027
 3028
 3029
 3030
 3031
 3032
 3033
 3034
 3035
 3036
 3037
 3038 3043 1.0 3039 1.0
 3039 3040 1.0 3042 1.0 3044 1.0
 3040 3048 1.5 3041 2.0
 3041
 3042 3045 1.0 3046 1.0 3047 1.0
 3043
 3044
 3045
 3046
 3047
 3048 3059 1.0 3049 1.0
 3049 3050 1.0 3060 1.0 3052 1.0
 3050 3051 2.0 3068 2.0
 3051
 3052 3053 1.0 3061 1.0 3062 1.0
 3053 3054 1.5 3055 1.5
 3054 3056 1.5 3063 1.0
 3055 3057 1.5 3064 1.0
 3056 3065 1.0 3058 2.0
 3057 3058 1.5 3066 1.0
 3058 3067 1.0
 3059
 3060
 3061
 3062
 3063
 3064
 3065
 3066
 3067
 3068 3072 1.0 3069 1.0
 3069 3073 1.0 3074 1.0 3070 1.0
 3070 3071 2.0 3075 1.5
 3071
 3072
 3073
 3074
 3075 3076 1.0 3080 1.0
 3076 3077 1.0 3079 1.0 3081 1.0
 3077 3078 2.0 3085 1.5
 3078
 3079 3083 1.0 3082 1.0 3084 1.0
 3080
 3081
 3082
 3083
 3084
 3085 3086 1.0 3093 1.0
 3086 3087 1.0 3089 1.0 3094 1.0
 3087 3088 2.0 3102 1.5
 3088
 3089 3090 1.0 3095 1.0 3096 1.0
 3090 3091 1.0 3097 1.0 3098 1.0
 3091 3092 1.0
 3092 3099 1.0 3100 1.0 3101 1.0
 3093
 3094
 3095
 3096
 3097
 3098
 3099
 3100
 3101
 3102 3103 1.0 3108 1.0
 3103 3104 1.0 3106 1.0 3109 1.0
 3104 3105 2.0 3116 1.5
 3105
 3106 3110 1.0 3111 1.0 3107 1.0
 3107 3108 1.0 3112 1.0 3113 1.0
 3108 3114 1.0 3115 1.0
 3109
 3110
 3111
 3112
 3113
 3114
 3115
 3116 3117 1.0 3121 1.0
 3117 3118 1.0 3120 1.0 3122 1.0
 3118 3119 2.0 3126 1.5
 3119
 3120 3123 1.0 3125 1.0 3124 1.0
 3121
 3122
 3123
 3124
 3125
 3126 3131 1.0 3127 1.0
 3127 3128 1.0 3130 1.0 3132 1.0
 3128 3129 2.0 3136 1.5
 3129
 3130 3135 1.0 3133 1.0 3134 1.0
 3131
 3132
 3133
 3134
 3135
 3136 3137 1.0 3145 1.0
 3137 3138 1.0 3140 1.0 3146 1.0
 3138 3139 2.0 3158 1.5
 3139
 3140 3141 1.0 3147 1.0 3148 1.0
 3141 3142 1.0 3149 1.0 3150 1.0
 3142 3143 1.0 3151 1.0 3152 1.0
 3143 3144 1.0 3153 1.0 3154 1.0
 3144 3155 1.0 3156 1.0 3157 1.0
 3145
 3146
 3147
 3148
 3149
 3150
 3151
 3152
 3153
 3154
 3155
 3156
 3157
 3158 3159 1.0 3169 1.0
 3159 3162 1.0 3160 1.0 3170 1.0
 3160 3182 1.5 3161 2.0
 3161
 3162 3163 1.0 3171 1.0 3172 1.0
 3163 3164 1.0 3173 1.0 3174 1.0
 3164 3176 1.0 3165 1.0 3175 1.0
 3165 3166 1.5 3177 1.0
 3166 3167 1.5 3168 1.5
 3167 3178 1.0 3179 1.0
 3168 3180 1.0 3181 1.0
 3169
 3170
 3171
 3172
 3173
 3174
 3175
 3176
 3177
 3178
 3179
 3180
 3181
 3182 3183 1.0 3190 1.0
 3183 3186 1.0 3191 1.0 3184 1.0
 3184 3185 2.0 3201 1.5
 3185
 3186 3187 1.0 3192 1.0 3193 1.0
 3187 3188 1.0 3189 1.0 3194 1.0
 3188 3195 1.0 3196 1.0 3197 1.0
 3189 3198 1.0 3199 1.0 3200 1.0
 3190
 3191
 3192
 3193
 3194
 3195
 3196
 3197
 3198
 3199
 3200
 3201 3202 1.0 3209 1.0
 3202 3203 1.0 3205 1.0 3210 1.0
 3203 3204 2.0 3215 1.5
 3204
 3205 3212 1.0 3206 1.0 3211 1.0
 3206 3207 2.0 3208 1.5
 3207
 3208 3214 1.0 3213 1.0
 3209
 3210
 3211
 3212
 3213
 3214
 3215 3216 1.0 3225 1.0
 3216 3217 1.0 3219 1.0 3226 1.0
 3217 3218 2.0 3232 1.5
 3218
 3219 3220 1.0 3227 1.0 3228 1.0
 3220 3221 1.5 3222 2.0
 3221 3223 2.0 3229 1.0
 3222 3224 1.5 3230 1.0
 3223 3224 1.5 3231 1.0
 3224 4555 1.0
 3225
 3226
 3227
 3228
 3229
 3230
 3231
 3232 3233 1.0 3240 1.0
 3233 3234 1.0 3241 1.0 3236 1.0
 3234 3235 2.0 3251 1.5
 3235
 3236 3237 1.0 3242 1.0 3243 1.0
 3237 3238 1.0 3239 1.0 3244 1.0
 3238 3245 1.0 3247 1.0 3246 1.0
 3239 3248 1.0 3249 1.0 3250 1.0
 3240
 3241
 3242
 3243
 3244
 3245
 3246
 3247
 3248
 3249
 3250
 3251 3252 1.0 3259 1.0
 3252 3260 1.0 3253 1.0 3255 1.0
 3253 3268 1.5 3254 2.0
 3254
 3255 3256 1.0 3261 1.0 3262 1.0
 3256 3257 1.0 3263 1.0 3264 1.0
 3257 3258 1.0
 3258 3265 1.0 3266 1.0 3267 1.0
 3259
 3260
 3261
 3262
 3263
 3264
 3265
 3266
 3267
 3268 3269 1.0 3276 1.0
 3269 3270 1.0 3272 1.0 3277 1.0
 3270 3287 1.5 3271 2.0
 3271
 3272 3273 1.0 3278 1.0 3279 1.0
 3273 3275 1.0 3280 1.0 3274 1.0
 3274 3281 1.0 3282 1.0 3283 1.0
 3275 3285 1.0 3284 1.0 3286 1.0
 3276
 3277
 3278
 3279
 3280
 3281
 3282
 3283
 3284
 3285
 3286
 3287 3288 1.0 3296 1.0
 3288 3291 1.0 3289 1.0 3297 1.0
 3289 3302 1.5 3290 2.0
 3290
 3291 3292 1.0 3298 1.0 3299 1.0
 3292 3293 1.0 3300 1.0 3301 1.0
 3293 3294 2.0 3295 2.0
 3294
 3295
 3296
 3297
 3298
 3299
 3300
 3301
 3302 3303 1.0 3314 1.0
 3303 3304 1.0 3306 1.0 3315 1.0
 3304 3305 2.0 3323 1.5
 3305
 3306 3307 1.0 3316 1.0 3317 1.0
 3307 3308 1.5 3309 1.5
 3308 3310 1.5 3318 1.0
 3309 3311 1.5 3319 1.0
 3310 3312 1.5 3320 1.0
 3311 3312 2.0 3321 1.0
 3312 3313 1.0
 3313 3322 1.0
 3314
 3315
 3316
 3317
 3318
 3319
 3320
 3321
 3322
 3323 3324 1.0 3330 1.0
 3324 3325 1.0 3327 1.0 3331 1.0
 3325 3326 2.0 3337 1.5
 3326
 3327 3329 1.0 3328 1.0 3332 1.0
 3328 3333 1.0
 3329 3334 1.0 3335 1.0 3336 1.0
 3330
 3331
 3332
 3333
 3334
 3335
 3336
 3337 3338 1.0 3347 1.0
 3338 3339 1.0 3341 1.0 3348 1.0
 3339 3340 2.0 3354 1.5
 3340
 3341 3342 1.0 3350 1.0 3349 1.0
 3342 3343 1.5 3344 2.0
 3343 3345 1.5
 3344 3346 1.5 3351 1.0
 3345 3352 1.0 3346 1.5
 3346 3353 1.0
 3347
 3348
 3349
 3350
 3351
 3352
 3353
 3354 3362 1.0 3355 1.0
 3355 3356 1.0 3358 1.0 3363 1.0
 3356 3357 2.0 3371 1.5
 3357
 3358 3359 1.0 3364 1.0 3365 1.0
 3359 3360 1.0 3366 1.0 3367 1.0
 3360 3361 1.0
 3361 3368 1.0 3369 1.0 3370 1.0
 3362
 3363
 3364
 3365
 3366
 3367
 3368
 3369
 3370
 3371 3380 1.0 3372 1.0
 3372 3375 1.0 3373 1.0 3381 1.0
 3373 3386 1.5 3374 2.0
 3374
 3375 3376 1.0 3382 1.0 3383 1.0
 3376 3377 1.0 3384 1.0 3385 1.0
 3377 3378 2.0 3379 2.0
 3378
 3379
 3380
 3381
 3382
 3383
 3384
 3385
 3386 3387 1.0 3394 1.0
 3387 3390 1.0 3395 1.0 3388 1.0
 3388 3389 2.0 3398 1.5
 3389
 3390 3391 1.0 3396 1.0 3397 1.0
 3391 3392 2.0 3393 2.0
 3392
 3393
 3394
 3395
 3396
 3397
 3398 3406 1.0 3399 1.0
 3399 3400 1.0 3402 1.0 3407 1.0
 3400 3417 1.5 3401 2.0
 3401
 3402 3403 1.0 3408 1.0 3409 1.0
 3403 3404 1.0 3405 1.0 3410 1.0
 3404 3411 1.0 3412 1.0 3413 1.0
 3405 3415 1.0 3416 1.0 3414 1.0
 3406
 3407
 3408
 3409
 3410
 3411
 3412
 3413
 3414
 3415
 3416
 3417 3418 1.0 3421 1.0
 3418 3419 1.0 3422 1.0 3423 1.0
 3419 3420 2.0 3424 1.5
 3420
 3421
 3422
 3423
 3424 3436 1.0 3425 1.0
 3425 3426 1.0 3428 1.0 3437 1.0
 3426 3427 2.0 3445 1.5
 3427
 3428 3429 1.0 3438 1.0 3439 1.0
 3429 3430 1.5 3431 1.5
 3430 3432 1.5 3440 1.0
 3431 3433 1.5 3441 1.0
 3432 3442 1.0 3434 2.0
 3433 3434 2.0 3443 1.0
 3434 3435 1.0
 3435 3444 1.0
 3436
 3437
 3438
 3439
 3440
 3441
 3442
 3443
 3444
 3445 3452 1.0 3446 1.0
 3446 3447 1.0 3449 1.0 3453 1.0
 3447 3448 2.0 3459 1.5
 3448
 3449 3450 1.0 3451 1.0 3454 1.0
 3450 3455 1.0
 3451 3456 1.0 3457 1.0 3458 1.0
 3452
 3453
 3454
 3455
 3456
 3457
 3458
 3459 3469 1.0 3460 1.0
 3460 3463 1.0 3461 1.0 3470 1.0
 3461 3462 2.0 3476 1.5
 3462
 3463 3472 1.0 3464 1.0 3471 1.0
 3464 3466 2.0 3465 1.5
 3465 3467 1.5
 3466 3468 1.5 3473 1.0
 3467 3468 2.0 3474 1.0
 3468 3475 1.0
 3469
 3470
 3471
 3472
 3473
 3474
 3475
 3476 3477 1.0 3485 1.0
 3477 3478 1.0 3480 1.0 3486 1.0
 3478 3493 1.5 3479 2.0
 3479
 3480 3488 1.0 3481 1.0 3487 1.0
 3481 3482 1.0 3489 1.0 3490 1.0
 3482 3483 2.0 3484 2.0
 3483
 3484 3491 1.0 3492 1.0
 3485
 3486
 3487
 3488
 3489
 3490
 3491
 3492
 3493 3502 1.0 3494 1.0
 3494 3497 1.0 3503 1.0 3495 1.0
 3495 3510 1.5 3496 2.0
 3496
 3497 3498 1.0 3504 1.0 3505 1.0
 3498 3506 1.0 3507 1.0 3499 1.0
 3499 3500 2.0 3501 1.5
 3500
 3501 3508 1.0 3509 1.0
 3502
 3503
 3504
 3505
 3506
 3507
 3508
 3509
 3510 3521 1.0 3511 1.0
 3511 3514 1.0 3512 1.0 3522 1.0
 3512 3530 1.5 3513 2.0
 3513
 3514 3515 1.0 3523 1.0 3524 1.0
 3515 3516 1.5 3517 1.5
 3516 3518 1.5 3525 1.0
 3517 3526 1.0 3519 1.5
 3518 3520 1.5 3527 1.0
 3519 3520 2.0 3528 1.0
 3520 3529 1.0
 3521
 3522
 3523
 3524
 3525
 3526
 3527
 3528
 3529
 3530 3537 1.0 3531 1.0
 3531 3534 1.0 3532 1.0 3538 1.0
 3532 3533 2.0 3546 1.5
 3533
 3534 3536 1.0 3539 1.0 3535 1.0
 3535 3540 1.0 3542 1.0 3541 1.0
 3536 3543 1.0 3545 1.0 3544 1.0
 3537
 3538
 3539
 3540
 3541
 3542
 3543
 3544
 3545
 3546 3547 1.0 3555 1.0
 3547 3548 1.0 3550 1.0 3556 1.0
 3548 3549 2.0 3568 1.5
 3549
 3550 3551 1.0 3557 1.0 3558 1.0
 3551 3552 1.0 3559 1.0 3560 1.0
 3552 3553 1.0 3562 1.0 3561 1.0
 3553 3554 1.0 3563 1.0 3564 1.0
 3554 3565 1.0 3566 1.0 3567 1.0
 3555
 3556
 3557
 3558
 3559
 3560
 3561
 3562
 3563
 3564
 3565
 3566
 3567
 3568 3569 1.0 3576 1.0
 3569 3570 1.0 3572 1.0 3577 1.0
 3570 3582 1.5 3571 2.0
 3571
 3572 3573 1.0 3578 1.0 3579 1.0
 3573 3575 2.0 3574 2.0
 3574
 3575 3580 1.0 3581 1.0
 3576
 3577
 3578
 3579
 3580
 3581
 3582 3591 1.0 3583 1.0
 3583 3584 1.0 3592 1.0 3586 1.0
 3584 3597 1.5 3585 2.0
 3585
 3586 3587 1.0 3593 1.0 3594 1.0
 3587 3595 1.0 3588 1.0 3596 1.0
 3588 3589 2.0 3590 2.0
 3589
 3590
 3591
 3592
 3593
 3594
 3595
 3596
 3597 3598 1.0 3605 1.0
 3598 3599 1.0 3601 1.0 3606 1.0
 3599 3600 2.0 3616 1.5
 3600
 3601 3602 1.0 3607 1.0 3603 1.0
 3602 3604 1.0 3608 1.0 3609 1.0
 3603 3610 1.0 3611 1.0 3612 1.0
 3604 3613 1.0 3614 1.0 3615 1.0
 3605
 3606
 3607
 3608
 3609
 3610
 3611
 3612
 3613
 3614
 3615
 3616 3617 1.0 3624 1.0
 3617 3618 1.0 3620 1.0 3625 1.0
 3618 3619 2.0 3628 1.5
 3619
 3620 3621 1.0 3626 1.0 3627 1.0
 3621 3622 2.0 3623 2.0
 3622
 3623
 3624
 3625
 3626
 3627
 3628 3636 1.0 3629 1.0
 3629 3632 1.0 3630 1.0 3637 1.0
 3630 3631 2.0 3647 1.5
 3631
 3632 3633 1.0 3634 1.0 3638 1.0
 3633 3635 1.0 3639 1.0 3640 1.0
 3634 3641 1.0 3642 1.0 3643 1.0
 3635 3644 1.0 3646 1.0 3645 1.0
 3636
 3637
 3638
 3639
 3640
 3641
 3642
 3643
 3644
 3645
 3646
 3647 3648 1.0 3652 1.0
 3648 3649 1.0 3651 1.0 3653 1.0
 3649 3650 2.0 3657 1.5
 3650
 3651 3654 1.0 3655 1.0 3656 1.0
 3652
 3653
 3654
 3655
 3656
 3657 3658 1.0 3665 1.0
 3658 3659 1.0 3661 1.0 3666 1.0
 3659 3660 2.0 3676 1.5
 3660
 3661 3662 1.0 3667 1.0 3668 1.0
 3662 3663 1.0 3664 1.0 3669 1.0
 3663 3671 1.0 3672 1.0 3670 1.0
 3664 3673 1.0 3674 1.0 3675 1.0
 3665
 3666
 3667
 3668
 3669
 3670
 3671
 3672
 3673
 3674
 3675
 3676 3677 1.0 3685 1.0
 3677 3678 1.0 3680 1.0 3686 1.0
 3678 3679 2.0 3693 1.5
 3679
 3680 3681 1.0 3687 1.0 3688 1.0
 3681 3689 1.0 3690 1.0 3682 1.0
 3682 3683 2.0 3684 1.5
 3683
 3684 3692 1.0 3691 1.0
 3685
 3686
 3687
 3688
 3689
 3690
 3691
 3692
 3693 3694 1.0 3701 1.0
 3694 3697 1.0 3702 1.0 3695 1.0
 3695 3696 2.0 3712 1.5
 3696
 3697 3698 1.0 3704 1.0 3703 1.0
 3698 3699 1.0 3700 1.0 3705 1.0
 3699 3706 1.0 3707 1.0 3708 1.0
 3700 3709 1.0 3710 1.0 3711 1.0
 3701
 3702
 3703
 3704
 3705
 3706
 3707
 3708
 3709
 3710
 3711
 3712 3716 1.0 3713 1.0
 3713 3714 1.0 3717 1.0 3718 1.0
 3714 3715 2.0 3719 1.5
 3715
 3716
 3717
 3718
 3719 3720 1.0 3727 1.0
 3720 3723 1.0 3721 1.0 3728 1.0
 3721 3738 1.5 3722 2.0
 3722
 3723 3724 1.0 3725 1.0 3729 1.0
 3724 3726 1.0 3730 1.0 3731 1.0
 3725 3732 1.0 3733 1.0 3734 1.0
 3726 3735 1.0 3736 1.0 3737 1.0
 3727
 3728
 3729
 3730
 3731
 3732
 3733
 3734
 3735
 3736
 3737
 3738 3739 1.0 3748 1.0
 3739 3740 1.0 3742 1.0 3749 1.0
 3740 3741 2.0 3755 1.5
 3741
 3742 3743 1.0 3750 1.0 3751 1.0
 3743 3744 1.0 3745 2.0
 3744 3746 2.0
 3745 3747 1.5 3752 1.0
 3746 3747 1.5 3753 1.0
 3747 3754 1.0
 3748
 3749
 3750
 3751
 3752
 3753
 3754
 3755 3756 1.0 3760 1.0
 3756 3757 1.0 3761 1.0 3759 1.0
 3757 3758 2.0 3765 1.5
 3758
 3759 3763 1.0 3762 1.0 3764 1.0
 3760
 3761
 3762
 3763
 3764
 3765 3766 1.0 3773 1.0
 3766 3767 1.0 3769 1.0 3774 1.0
 3767 3768 2.0 3779 1.5
 3768
 3769 3770 1.0 3775 1.0 3776 1.0
 3770 3771 2.0 3772 1.5
 3771
 3772 3778 1.0 3777 1.0
 3773
 3774
 3775
 3776
 3777
 3778
 3779 3780 1.0 3787 1.0
 3780 3781 1.0 3788 1.0 3783 1.0
 3781 3782 2.0 3791 1.5
 3782
 3783 3789 1.0 3790 1.0 3784 1.0
 3784 3786 2.0 3785 2.0
 3785
 3786
 3787
 3788
 3789
 3790
 3791 3792 1.0 3800 1.0
 3792 3793 1.0 3795 1.0 3801 1.0
 3793 3794 2.0 3813 1.5
 3794
 3795 3802 1.0 3796 1.0 3803 1.0
 3796 3805 1.0 3797 1.0 3804 1.0
 3797 3798 1.0 3806 1.0 3807 1.0
 3798 3799 1.0 3808 1.0 3809 1.0
 3799 3810 1.0 3811 1.0 3812 1.0
 3800
 3801
 3802
 3803
 3804
 3805
 3806
 3807
 3808
 3809
 3810
 3811
 3812
 3813 3814 1.0 3818 1.0
 3814 3817 1.0 3819 1.0 3815 1.0
 3815 3823 1.5 3816 2.0
 3816
 3817 3820 1.0 3821 1.0 3822 1.0
 3818
 3819
 3820
 3821
 3822
 3823 3831 1.0 3824 1.0
 3824 3825 1.0 3827 1.0 3832 1.0
 3825 3826 2.0 3842 1.5
 3826
 3827 3828 1.0 3833 1.0 3834 1.0
 3828 3829 1.0 3830 1.0 3835 1.0
 3829 3836 1.0 3837 1.0 3838 1.0
 3830 3839 1.0 3840 1.0 3841 1.0
 3831
 3832
 3833
 3834
 3835
 3836
 3837
 3838
 3839
 3840
 3841
 3842 3849 1.0 3843 1.0
 3843 3844 1.0 3850 1.0 3846 1.0
 3844 3845 2.0 3856 1.5
 3845
 3846 3848 1.0 3847 1.0 3851 1.0
 3847 3852 1.0
 3848 3854 1.0 3853 1.0 3855 1.0
 3849
 3850
 3851
 3852
 3853
 3854
 3855
 3856 3857 1.0 3867 1.0
 3857 3860 1.0 3858 1.0 3868 1.0
 3858 3859 2.0 3876 1.5
 3859
 3860 3861 1.0 3869 1.0 3870 1.0
 3861 3863 1.5 3862 1.5
 3862 3864 1.5 3871 1.0
 3863 3865 1.5 3872 1.0
 3864 3866 1.5 3873 1.0
 3865 3874 1.0 3866 1.5
 3866 3875 1.0
 3867
 3868
 3869
 3870
 3871
 3872
 3873
 3874
 3875
 3876 3888 1.0 3877 1.0
 3877 3880 1.0 3878 1.0 3889 1.0
 3878 3879 2.0 3897 1.5
 3879
 3880 3881 1.0 3890 1.0 3891 1.0
 3881 3882 1.5 3883 1.5
 3882 3884 1.5 3892 1.0
 3883 3885 2.0 3893 1.0
 3884 3894 1.0 3886 2.0
 3885 3886 1.5 3895 1.0
 3886 3887 1.0
 3887 3896 1.0
 3888
 3889
 3890
 3891
 3892
 3893
 3894
 3895
 3896
 3897 3898 1.0 3901 1.0
 3898 3899 1.0 3902 1.0 3903 1.0
 3899 3900 2.0 3904 1.5
 3900
 3901
 3902
 3903
 3904 3905 1.0 3909 1.0
 3905 3906 1.0 3908 1.0 3910 1.0
 3906 3907 2.0 3914 1.5
 3907
 3908 3911 1.0 3912 1.0 3913 1.0
 3909
 3910
 3911
 3912
 3913
 3914 3915 1.0 3921 1.0
 3915 3922 1.0 3918 1.0 3916 1.0
 3916 3928 1.5 3917 2.0
 3917
 3918 3919 1.0 3920 1.0 3923 1.0
 3919 3924 1.0
 3920 3926 1.0 3925 1.0 3927 1.0
 3921
 3922
 3923
 3924
 3925
 3926
 3927
 3928 3934 1.0 3929 1.0
 3929 3932 1.0 3930 1.0 3935 1.0
 3930 3942 1.5 3931 2.0
 3931
 3932 3933 1.0 3937 1.0 3936 1.0
 3933 3934 1.0 3938 1.0 3939 1.0
 3934 3940 1.0 3941 1.0
 3935
 3936
 3937
 3938
 3939
 3940
 3941
 3942 3943 1.0 3948 1.0
 3943 3946 1.0 3949 1.0 3944 1.0
 3944 3945 2.0 3953 1.5
 3945
 3946 3947 1.0 3950 1.0 3951 1.0
 3947 3952 1.0
 3948
 3949
 3950
 3951
 3952
 3953 3954 1.0 3957 1.0
 3954 3955 1.0 3958 1.0 3959 1.0
 3955 3956 2.0 3960 1.5
 3956
 3957
 3958
 3959
 3960 3961 1.0 3974 1.0
 3961 3962 1.0 3964 1.0 3975 1.0
 3962 3984 1.5 3963 2.0
 3963
 3964 3965 1.0 3976 1.0 3977 1.0
 3965 3967 1.5 3966 2.0
 3966 3968 1.5 3978 1.0
 3967 3970 1.5 3969 1.5
 3968 3969 1.5 3979 1.0
 3969 3971 1.5
 3970 3972 1.5 3980 1.0
 3971 3973 2.0 3981 1.0
 3972 3973 1.5 3982 1.0
 3973 3983 1.0
 3974
 3975
 3976
 3977
 3978
 3979
 3980
 3981
 3982
 3983
 3984 3985 1.0 3992 1.0
 3985 3986 1.0 3988 1.0 3993 1.0
 3986 4003 1.5 3987 2.0
 3987
 3988 3989 1.0 3994 1.0 3995 1.0
 3989 3990 1.0 3991 1.0 3996 1.0
 3990 3998 1.0 3999 1.0 3997 1.0
 3991 4001 1.0 4000 1.0 4002 1.0
 3992
 3993
 3994
 3995
 3996
 3997
 3998
 3999
 4000
 4001
 4002
 4003 4004 1.0 4011 1.0
 4004 4005 1.0 4007 1.0 4012 1.0
 4005 4022 1.5 4006 2.0
 4006
 4007 4008 1.0 4009 1.0 4013 1.0
 4008 4010 1.0 4014 1.0 4015 1.0
 4009 4016 1.0 4017 1.0 4018 1.0
 4010 4019 1.0 4021 1.0 4020 1.0
 4011
 4012
 4013
 4014
 4015
 4016
 4017
 4018
 4019
 4020
 4021
 4022 4023 1.0 4031 1.0
 4023 4024 1.0 4026 1.0 4032 1.0
 4024 4025 2.0 4037 1.5
 4025
 4026 4034 1.0 4027 1.0 4033 1.0
 4027 4028 1.0 4035 1.0 4036 1.0
 4028 4030 2.0 4029 2.0
 4029 4555 1.0
 4030
 4031
 4032
 4033
 4034
 4035
 4036
 4037 4038 1.0 4043 1.0
 4038 4041 1.0 4039 1.0 4044 1.0
 4039 4040 2.0 4051 1.5
 4040
 4041 4045 1.0 4046 1.0 4042 1.0
 4042 4043 1.0 4047 1.0 4048 1.0
 4043 4050 1.0 4049 1.0
 4044
 4045
 4046
 4047
 4048
 4049
 4050
 4051 4052 1.0 4055 1.0
 4052 4053 1.0 4057 1.0 4056 1.0
 4053 4058 1.5 4054 2.0
 4054
 4055
 4056
 4057
 4058 4059 1.0 4072 1.0
 4059 4060 1.0 4062 1.0 4073 1.0
 4060 4061 2.0 4082 1.5
 4061
 4062 4063 1.0 4074 1.0 4075 1.0
 4063 4064 2.0 4065 1.5
 4064 4066 1.5 4076 1.0
 4065 4067 1.5 4068 1.5
 4066 4077 1.0 4067 1.5
 4067 4069 1.5
 4068 4070 1.5 4078 1.0
 4069 4071 2.0 4079 1.0
 4070 4071 1.5 4080 1.0
 4071 4081 1.0
 4072
 4073
 4074
 4075
 4076
 4077
 4078
 4079
 4080
 4081
 4082 4083 1.0 4093 1.0
 4083 4086 1.0 4094 1.0 4084 1.0
 4084 4085 2.0 4106 1.5
 4085
 4086 4087 1.0 4095 1.0 4096 1.0
 4087 4088 1.0 4097 1.0 4098 1.0
 4088 4089 1.0 4099 1.0 4100 1.0
 4089 4090 1.5 4101 1.0
 4090 4091 1.5 4092 1.5
 4091 4102 1.0 4103 1.0
 4092 4104 1.0 4105 1.0
 4093
 4094
 4095
 4096
 4097
 4098
 4099
 4100
 4101
 4102
 4103
 4104
 4105
 4106 4107 1.0 4110 1.0
 4107 4108 1.0 4111 1.0 4112 1.0
 4108 4109 2.0 4113 1.5
 4109
 4110
 4111
 4112
 4113 4114 1.0 4118 1.0
 4114 4115 1.0 4117 1.0 4119 1.0
 4115 4116 2.0 4123 1.5
 4116
 4117 4120 1.0 4121 1.0 4122 1.0
 4118
 4119
 4120
 4121
 4122
 4123 4124 1.0 4130 1.0
 4124 4127 1.0 4131 1.0 4125 1.0
 4125 4137 1.5 4126 2.0
 4126
 4127 4128 1.0 4132 1.0 4129 1.0
 4128 4133 1.0
 4129 4134 1.0 4135 1.0 4136 1.0
 4130
 4131
 4132
 4133
 4134
 4135
 4136
 4137 4142 1.0 4138 1.0
 4138 4141 1.0 4139 1.0 4143 1.0
 4139 4140 2.0 4147 1.5
 4140
 4141 4145 1.0 4146 1.0 4144 1.0
 4142
 4143
 4144
 4145
 4146
 4147 4148 1.0 4155 1.0
 4148 4151 1.0 4156 1.0 4149 1.0
 4149 4150 2.0 4166 1.5
 4150
 4151 4152 1.0 4153 1.0 4157 1.0
 4152 4154 1.0 4158 1.0 4159 1.0
 4153 4160 1.0 4161 1.0 4162 1.0
 4154 4164 1.0 4165 1.0 4163 1.0
 4155
 4156
 4157
 4158
 4159
 4160
 4161
 4162
 4163
 4164
 4165
 4166 4167 1.0 4174 1.0
 4167 4168 1.0 4170 1.0 4175 1.0
 4168 4169 2.0 4178 1.5
 4169
 4170 4171 1.0 4176 1.0 4177 1.0
 4171 4172 2.0 4173 2.0
 4172
 4173
 4174
 4175
 4176
 4177
 4178 4179 1.0 4187 1.0
 4179 4182 1.0 4188 1.0 4180 1.0
 4180 4181 2.0 4193 1.5
 4181
 4182 4183 1.0 4189 1.0 4190 1.0
 4183 4184 1.0 4191 1.0 4192 1.0
 4184 4185 2.0 4186 2.0
 4185
 4186
 4187
 4188
 4189
 4190
 4191
 4192
 4193 4194 1.0 4198 1.0
 4194 4195 1.0 4197 1.0 4199 1.0
 4195 4196 2.0 4203 1.5
 4196
 4197 4200 1.0 4201 1.0 4202 1.0
 4198
 4199
 4200
 4201
 4202
 4203 4204 1.0 4212 1.0
 4204 4205 1.0 4207 1.0 4213 1.0
 4205 4206 2.0 4218 1.5
 4206
 4207 4208 1.0 4214 1.0 4215 1.0
 4208 4209 1.0 4216 1.0 4217 1.0
 4209 4210 2.0 4211 2.0
 4210
 4211
 4212
 4213
 4214
 4215
 4216
 4217
 4218 4219 1.0 4230 1.0
 4219 4220 1.0 4222 1.0 4231 1.0
 4220 4221 2.0 4239 1.5
 4221
 4222 4223 1.0 4233 1.0 4232 1.0
 4223 4224 1.5 4225 1.5
 4224 4226 1.5 4234 1.0
 4225 4235 1.0 4227 1.5
 4226 4236 1.0 4228 1.5
 4227 4228 1.5 4237 1.0
 4228 4229 1.0
 4229 4238 1.0
 4230
 4231
 4232
 4233
 4234
 4235
 4236
 4237
 4238
 4239 4240 1.0 4251 1.0
 4240 4252 1.0 4241 1.0 4243 1.0
 4241 4242 2.0 4260 1.5
 4242
 4243 4244 1.0 4253 1.0 4254 1.0
 4244 4246 1.5 4245 1.5
 4245 4247 1.5 4255 1.0
 4246 4248 1.5 4256 1.0
 4247 4249 2.0 4257 1.0
 4248 4249 1.5 4258 1.0
 4249 4250 1.0
 4250 4259 1.0
 4251
 4252
 4253
 4254
 4255
 4256
 4257
 4258
 4259
 4260 4261 1.0 4267 1.0
 4261 4262 1.0 4264 1.0 4268 1.0
 4262 4263 2.0 4276 1.5
 4263
 4264 4265 1.0 4266 1.0 4269 1.0
 4265 4270 1.0 4272 1.0 4271 1.0
 4266 4273 1.0 4274 1.0 4275 1.0
 4267
 4268
 4269
 4270
 4271
 4272
 4273
 4274
 4275
 4276 4280 1.0 4277 1.0
 4277 4278 1.0 4281 1.0 4282 1.0
 4278 4283 1.5 4279 2.0
 4279
 4280
 4281
 4282
 4283 4284 1.0 4291 1.0
 4284 4285 1.0 4292 1.0 4287 1.0
 4285 4286 2.0 4295 1.5
 4286
 4287 4288 1.0 4293 1.0 4294 1.0
 4288 4289 2.0 4290 2.0
 4289
 4290
 4291
 4292
 4293
 4294
 4295 4296 1.0 4303 1.0
 4296 4297 1.0 4299 1.0 4304 1.0
 4297 4298 2.0 4314 1.5
 4298
 4299 4301 1.0 4300 1.0 4305 1.0
 4300 4302 1.0 4306 1.0 4307 1.0
 4301 4308 1.0 4309 1.0 4310 1.0
 4302 4311 1.0 4312 1.0 4313 1.0
 4303
 4304
 4305
 4306
 4307
 4308
 4309
 4310
 4311
 4312
 4313
 4314 4325 1.0 4315 1.0
 4315 4318 1.0 4326 1.0 4316 1.0
 4316 4317 2.0 4334 1.5
 4317
 4318 4328 1.0 4319 1.0 4327 1.0
 4319 4320 1.5 4321 1.5
 4320 4322 1.5 4329 1.0
 4321 4330 1.0 4323 1.5
 4322 4324 2.0 4331 1.0
 4323 4332 1.0 4324 1.5
 4324 4333 1.0
 4325
 4326
 4327
 4328
 4329
 4330
 4331
 4332
 4333
 4334 4335 1.0 4338 1.0
 4335 4339 1.0 4340 1.0 4336 1.0
 4336 4337 2.0 4341 1.5
 4337
 4338
 4339
 4340
 4341 4351 1.0 4342 1.0
 4342 4345 1.0 4343 1.0 4352 1.0
 4343 4344 2.0 4358 1.5
 4344
 4345 4346 1.0 4353 1.0 4354 1.0
 4346 4347 1.5 4348 2.0
 4347 4349 1.5 4355 1.0
 4348 4350 1.5 4356 1.0
 4349 4350 2.0 4357 1.0
 4350
 4351
 4352
 4353
 4354
 4355
 4356
 4357
 4358 4362 1.0 4359 1.0
 4359 4360 1.0 4363 1.0 4364 1.0
 4360 4361 2.0 4365 1.5
 4361
 4362
 4363
 4364
 4365 4366 1.0 4372 1.0
 4366 4369 1.0 4373 1.0 4367 1.0
 4367 4368 2.0 4381 1.5
 4368
 4369 4371 1.0 4374 1.0 4370 1.0
 4370 4375 1.0 4376 1.0 4377 1.0
 4371 4379 1.0 4380 1.0 4378 1.0
 4372
 4373
 4374
 4375
 4376
 4377
 4378
 4379
 4380
 4381 4382 1.0 4390 1.0
 4382 4385 1.0 4383 1.0 4391 1.0
 4383 4384 2.0 4396 1.5
 4384
 4385 4393 1.0 4386 1.0 4392 1.0
 4386 4387 1.0 4394 1.0 4395 1.0
 4387 4388 2.0 4389 2.0
 4388
 4389
 4390
 4391
 4392
 4393
 4394
 4395
 4396 4401 1.0 4397 1.0
 4397 4400 1.0 4398 1.0 4402 1.0
 4398 4399 2.0 4406 1.5
 4399
 4400 4405 1.0 4403 1.0 4404 1.0
 4401
 4402
 4403
 4404
 4405
 4406 4407 1.0 4413 1.0
 4407 4410 1.0 4414 1.0 4408 1.0
 4408 4420 1.5 4409 2.0
 4409
 4410 4412 1.0 4415 1.0 4411 1.0
 4411 4416 1.0
 4412 4419 1.0 4417 1.0 4418 1.0
 4413
 4414
 4415
 4416
 4417
 4418
 4419
 4420 4424 1.0 4421 1.0
 4421 4422 1.0 4425 1.0 4426 1.0
 4422 4427 1.5 4423 2.0
 4423
 4424
 4425
 4426
 4427 4428 1.0 4439 1.0
 4428 4429 1.0 4431 1.0 4440 1.0
 4429 4430 2.0 4448 1.5
 4430
 4431 4432 1.0 4441 1.0 4442 1.0
 4432 4433 2.0 4434 2.0
 4433 4443 1.0 4435 2.0
 4434 4436 2.0 4444 1.0
 4435 4445 1.0 4437 2.0
 4436 4446 1.0 4437 2.0
 4437 4438 1.0
 4438 4447 1.0
 4439
 4440
 4441
 4442
 4443
 4444
 4445
 4446
 4447
 4448 4452 1.0 4449 1.0
 4449 4450 1.0 4453 1.0 4454 1.0
 4450 4455 1.5 4451 2.0
 4451
 4452
 4453
 4454
 4455 4456 1.0 4463 1.0
 4456 4457 1.0 4459 1.0 4464 1.0
 4457 4458 2.0 4474 1.5
 4458
 4459 4460 1.0 4465 1.0 4466 1.0
 4460 4461 1.0 4462 1.0 4467 1.0
 4461 4468 1.0 4469 1.0 4470 1.0
 4462 4471 1.0 4472 1.0 4473 1.0
 4463
 4464
 4465
 4466
 4467
 4468
 4469
 4470
 4471
 4472
 4473
 4474 4475 1.0 4482 1.0
 4475 4476 1.0 4483 1.0 4478 1.0
 4476 4477 2.0 4486 1.5
 4477
 4478 4479 1.0 4484 1.0 4485 1.0
 4479 4480 2.0 4481 2.0
 4480
 4481
 4482
 4483
 4484
 4485
 4486 4487 1.0 4493 1.0
 4487 4488 1.0 4490 1.0 4494 1.0
 4488 4502 1.5 4489 2.0
 4489
 4490 4492 1.0 4495 1.0 4491 1.0
 4491 4496 1.0 4498 1.0 4497 1.0
 4492 4499 1.0 4500 1.0 4501 1.0
 4493
 4494
 4495
 4496
 4497
 4498
 4499
 4500
 4501
 4502 4503 1.0 4511 1.0
 4503 4504 1.0 4506 1.0 4512 1.0
 4504 4524 1.5 4505 2.0
 4505
 4506 4507 1.0 4513 1.0 4514 1.0
 4507 4508 1.0 4516 1.0 4515 1.0
 4508 4517 1.0 4518 1.0 4509 1.0
 4509 4519 1.0 4520 1.0 4510 1.0
 4510 4521 1.0 4522 1.0 4523 1.0
 4511
 4512
 4513
 4514
 4515
 4516
 4517
 4518
 4519
 4520
 4521
 4522
 4523
 4524 4525 1.0 4532 1.0
 4525 4528 1.0 4526 1.0 4533 1.0
 4526 4527 2.0 4543 1.5
 4527
 4528 4534 1.0 4535 1.0 4529 1.0
 4529 4536 1.0 4530 1.0 4531 1.0
 4530 4537 1.0 4538 1.0 4539 1.0
 4531 4542 1.0 4540 1.0 4541 1.0
 4532
 4533
 4534
 4535
 4536
 4537
 4538
 4539
 4540
 4541
 4542
 4543 4544 1.0 4550 1.0
 4544 4545 1.0 4547 1.0 4551 1.0
 4545 4546 2.0 4549 2.0
 4546
 4547 4548 1.0 4552 1.0 4553 1.0
 4548 4554 1.0
 4549
 4550
 4551
 4552
 4553
 4554
 4555 4564 1.0 4557 1.0 4575 1.0
 4556 4590 1.0 4578 1.0 4581 1.0 4584 1.0 4587 1.0
 4557 4558 1.0 4597 1.0
 4558 4559 1.5 4563 1.5
 4559 4560 1.5 4574 1.0
 4560 4561 1.5 4573 1.0
 4561 4568 1.5 4562 1.5
 4562 4563 1.5 4565 1.5
 4563 4564 1.0
 4564
 4565 4566 1.5 4569 1.0
 4566 4567 1.5 4570 1.0
 4567 4568 1.5 4571 1.0
 4568 4572 1.0
 4569
 4570
 4571
 4572
 4573
 4574
 4575 4577 1.0 4576 1.0
 4576
 4577
 4578 4580 1.0 4579 1.0
 4579
 4580
 4581 4582 1.0 4583 1.0
 4582
 4583
 4584 4586 1.0 4585 1.0
 4585
 4586
 4587 4589 1.0 4588 1.0
 4588
 4589
 4590 4592 1.0 4591 1.0
 4591
 4592
 4593
 4594
 4595
 4596
 4597

Helix 1 RHAlpha 19_A 30_A
Helix 2 RHAlpha 74_A 88_A
Helix 3 RHAlpha 96_A 104_A
Helix 4 RHAlpha 145_A 149_A
Helix 5 RHAlpha 159_A 170_A
Helix 6 RHAlpha 222_A 236_A
Sheet 1 First 9_A 17_A

Fe 0
LANL2DZ
****
C H O N 0
6-31+G(d)
****

Fe 0
LANL2DZ

